candidate_id,symbol,step,bar_index,bar_start_time,open,high,low,close,gap_minutes,contiguous_from_previous,open_atr,high_atr,low_atr,close_atr
RB:15m:0:1:2925:2950:10,RB,17,10975.0,2025-08-29 13:50:00,3106.0,3109.0,3105.0,3107.0,5.0,True,0.2400567250928575,0.96022690037143,0.0,0.480113450185715
RB:15m:0:1:2925:2950:10,RB,18,10976.0,2025-08-29 13:55:00,3106.0,3110.0,3106.0,3109.0,5.0,True,0.2400567250928575,1.2002836254642875,0.2400567250928575,0.96022690037143
RB:15m:0:1:2925:2950:10,RB,19,10977.0,2025-08-29 14:00:00,3110.0,3111.0,3108.0,3108.0,5.0,True,1.2002836254642875,1.440340350557145,0.7201701752785725,0.7201701752785725
RB:15m:0:1:2925:2950:10,RB,20,10978.0,2025-08-29 14:05:00,3108.0,3109.0,3101.0,3102.0,5.0,True,0.7201701752785725,0.96022690037143,-0.96022690037143,-0.7201701752785725
RB:15m:0:1:2925:2950:10,RB,21,10979.0,2025-08-29 14:10:00,3102.0,3104.0,3099.0,3101.0,5.0,True,-0.7201701752785725,-0.2400567250928575,-1.440340350557145,-0.96022690037143
RB:15m:0:1:2925:2950:10,RB,22,10980.0,2025-08-29 14:15:00,3101.0,3101.0,3093.0,3093.0,5.0,True,-0.96022690037143,-0.96022690037143,-2.88068070111429,-2.88068070111429
RB:15m:0:1:2925:2950:10,RB,23,10981.0,2025-08-29 14:20:00,3093.0,3095.0,3084.0,3084.0,5.0,True,-2.88068070111429,-2.400567250928575,-5.041191226950008,-5.041191226950008
RB:15m:0:1:2925:2950:10,RB,24,10982.0,2025-08-29 14:25:00,3084.0,3088.0,3083.0,3086.0,5.0,True,-5.041191226950008,-4.080964326578577,-5.281247952042865,-4.561077776764292
RB:15m:0:1:2925:2950:11,RB,1,10979.0,2025-08-29 14:10:00,3102.0,3104.0,3099.0,3101.0,0.0,False,0.0,0.4752273786151361,-0.7128410679227042,-0.23761368930756804
RB:15m:0:1:2925:2950:11,RB,2,10980.0,2025-08-29 14:15:00,3101.0,3101.0,3093.0,3093.0,5.0,True,-0.23761368930756804,-0.23761368930756804,-2.1385232037681123,-2.1385232037681123
RB:15m:0:1:2925:2950:11,RB,3,10981.0,2025-08-29 14:20:00,3093.0,3095.0,3084.0,3084.0,5.0,True,-2.1385232037681123,-1.6632958251529764,-4.277046407536225,-4.277046407536225
RB:15m:0:1:2925:2950:11,RB,4,10982.0,2025-08-29 14:25:00,3084.0,3088.0,3083.0,3086.0,5.0,True,-4.277046407536225,-3.3265916503059527,-4.514660096843793,-3.8018190289210887
RB:15m:0:1:2925:2950:11,RB,5,10983.0,2025-08-29 14:30:00,3086.0,3092.0,3086.0,3087.0,5.0,True,-3.8018190289210887,-2.3761368930756803,-3.8018190289210887,-3.5642053396135207
RB:15m:0:1:2925:2950:11,RB,6,10984.0,2025-08-29 14:35:00,3088.0,3089.0,3086.0,3088.0,5.0,True,-3.3265916503059527,-3.0889779609983847,-3.8018190289210887,-3.3265916503059527
RB:15m:0:1:2925:2950:11,RB,7,10985.0,2025-08-29 14:40:00,3089.0,3091.0,3087.0,3089.0,5.0,True,-3.0889779609983847,-2.6137505823832488,-3.5642053396135207,-3.0889779609983847
RB:15m:0:1:2925:2950:11,RB,8,10986.0,2025-08-29 14:45:00,3089.0,3092.0,3087.0,3090.0,5.0,True,-3.0889779609983847,-2.3761368930756803,-3.5642053396135207,-2.8513642716908167
RB:15m:0:1:2925:2950:11,RB,9,10987.0,2025-08-29 14:50:00,3090.0,3092.0,3088.0,3089.0,5.0,True,-2.8513642716908167,-2.3761368930756803,-3.3265916503059527,-3.0889779609983847
RB:15m:0:1:2925:2950:11,RB,10,10988.0,2025-08-29 14:55:00,3089.0,3091.0,3088.0,3090.0,5.0,True,-3.0889779609983847,-2.6137505823832488,-3.3265916503059527,-2.8513642716908167
RB:15m:0:1:2925:2950:11,RB,11,10989.0,2025-08-29 21:00:00,3150.0,3160.0,3150.0,3153.0,365.0,False,11.405457086763267,13.781593979838947,11.405457086763267,12.11829815468597
RB:15m:0:1:2925:2950:11,RB,12,10990.0,2025-08-29 21:05:00,3154.0,3157.0,3150.0,3151.0,5.0,True,12.355911843993539,13.068752911916242,11.405457086763267,11.643070776070834
RB:15m:0:1:2925:2950:11,RB,13,10991.0,2025-08-29 21:10:00,3151.0,3154.0,3150.0,3152.0,5.0,True,11.643070776070834,12.355911843993539,11.405457086763267,11.880684465378403
RB:15m:0:1:2925:2950:11,RB,14,10992.0,2025-08-29 21:15:00,3153.0,3153.0,3146.0,3147.0,5.0,True,12.11829815468597,12.11829815468597,10.455002329532995,10.692616018840562
RB:15m:0:1:2925:2950:11,RB,15,10993.0,2025-08-29 21:20:00,3148.0,3151.0,3147.0,3150.0,5.0,True,10.930229708148131,11.643070776070834,10.692616018840562,11.405457086763267
RB:15m:0:1:2925:2950:11,RB,16,10994.0,2025-08-29 21:25:00,3150.0,3150.0,3144.0,3146.0,5.0,True,11.405457086763267,11.405457086763267,9.979774950917857,10.455002329532995
RB:15m:0:1:2925:2950:11,RB,17,10995.0,2025-08-29 21:30:00,3146.0,3147.0,3140.0,3141.0,5.0,True,10.455002329532995,10.692616018840562,9.029320193687585,9.266933882995154
RB:15m:0:1:2925:2950:11,RB,18,10996.0,2025-08-29 21:35:00,3141.0,3143.0,3138.0,3139.0,5.0,True,9.266933882995154,9.74216126161029,8.55409281507245,8.791706504380018
RB:15m:0:1:2925:2950:11,RB,19,10997.0,2025-08-29 21:40:00,3140.0,3142.0,3139.0,3141.0,5.0,True,9.029320193687585,9.504547572302721,8.791706504380018,9.266933882995154
RB:15m:0:1:2925:2950:11,RB,20,10998.0,2025-08-29 21:45:00,3141.0,3142.0,3138.0,3140.0,5.0,True,9.266933882995154,9.504547572302721,8.55409281507245,9.029320193687585
RB:15m:0:1:2925:2950:11,RB,21,10999.0,2025-08-29 21:50:00,3139.0,3140.0,3137.0,3139.0,5.0,True,8.791706504380018,9.029320193687585,8.316479125764882,8.791706504380018
RB:15m:0:1:2925:2950:11,RB,22,11000.0,2025-08-29 21:55:00,3139.0,3139.0,3135.0,3135.0,5.0,True,8.791706504380018,8.791706504380018,7.841251747149745,7.841251747149745
RB:15m:0:1:2925:2950:11,RB,23,11001.0,2025-08-29 22:00:00,3135.0,3138.0,3134.0,3138.0,5.0,True,7.841251747149745,8.55409281507245,7.603638057842177,8.55409281507245
RB:15m:0:1:2925:2950:11,RB,24,11002.0,2025-08-29 22:05:00,3138.0,3138.0,3133.0,3133.0,5.0,True,8.55409281507245,8.55409281507245,7.366024368534609,7.366024368534609
RB:15m:1:1:2971:2973:1,RB,1,10358.0,2025-08-18 14:10:00,3148.0,3148.0,3142.0,3145.0,0.0,False,0.0,0.0,-1.1040143827967719,-0.5520071913983859
RB:15m:1:1:2971:2973:1,RB,2,10359.0,2025-08-18 14:15:00,3145.0,3146.0,3142.0,3146.0,5.0,True,-0.5520071913983859,-0.36800479426559063,-1.1040143827967719,-0.36800479426559063
RB:15m:1:1:2971:2973:1,RB,3,10360.0,2025-08-18 14:20:00,3145.0,3152.0,3144.0,3152.0,5.0,True,-0.5520071913983859,0.7360095885311813,-0.7360095885311813,0.7360095885311813
RB:15m:1:1:2971:2973:1,RB,4,10361.0,2025-08-18 14:25:00,3152.0,3153.0,3148.0,3150.0,5.0,True,0.7360095885311813,0.9200119856639765,0.0,0.36800479426559063
RB:15m:1:1:2971:2973:1,RB,5,10362.0,2025-08-18 14:30:00,3151.0,3155.0,3150.0,3153.0,5.0,True,0.5520071913983859,1.2880167799295672,0.36800479426559063,0.9200119856639765
RB:15m:1:1:2971:2973:1,RB,6,10363.0,2025-08-18 14:35:00,3153.0,3155.0,3150.0,3151.0,5.0,True,0.9200119856639765,1.2880167799295672,0.36800479426559063,0.5520071913983859
RB:15m:1:1:2971:2973:1,RB,7,10364.0,2025-08-18 14:40:00,3151.0,3155.0,3150.0,3153.0,5.0,True,0.5520071913983859,1.2880167799295672,0.36800479426559063,0.9200119856639765
RB:15m:1:1:2971:2973:1,RB,8,10365.0,2025-08-18 14:45:00,3153.0,3155.0,3151.0,3152.0,5.0,True,0.9200119856639765,1.2880167799295672,0.5520071913983859,0.7360095885311813
RB:15m:1:1:2971:2973:1,RB,9,10366.0,2025-08-18 14:50:00,3152.0,3156.0,3151.0,3154.0,5.0,True,0.7360095885311813,1.4720191770623625,0.5520071913983859,1.1040143827967719
RB:15m:1:1:2971:2973:1,RB,10,10367.0,2025-08-18 14:55:00,3155.0,3158.0,3154.0,3155.0,5.0,True,1.2880167799295672,1.840023971327953,1.1040143827967719,1.2880167799295672
RB:15m:1:1:2971:2973:1,RB,11,10368.0,2025-08-18 21:00:00,3161.0,3170.0,3158.0,3166.0,365.0,False,2.392031162726339,4.0480527369214965,1.840023971327953,3.3120431483903157
RB:15m:1:1:2971:2973:1,RB,12,10369.0,2025-08-18 21:05:00,3166.0,3170.0,3166.0,3167.0,5.0,True,3.3120431483903157,4.0480527369214965,3.3120431483903157,3.4960455455231108
RB:15m:1:1:2971:2973:1,RB,13,10370.0,2025-08-18 21:10:00,3167.0,3168.0,3164.0,3165.0,5.0,True,3.4960455455231108,3.680047942655906,2.944038354124725,3.12804075125752
RB:15m:1:1:2971:2973:1,RB,14,10371.0,2025-08-18 21:15:00,3166.0,3167.0,3161.0,3164.0,5.0,True,3.3120431483903157,3.4960455455231108,2.392031162726339,2.944038354124725
RB:15m:1:1:2971:2973:1,RB,15,10372.0,2025-08-18 21:20:00,3163.0,3169.0,3162.0,3166.0,5.0,True,2.7600359569919295,3.8640503397887014,2.5760335598591344,3.3120431483903157
RB:15m:1:1:2971:2973:1,RB,16,10373.0,2025-08-18 21:25:00,3167.0,3169.0,3166.0,3168.0,5.0,True,3.4960455455231108,3.8640503397887014,3.3120431483903157,3.680047942655906
RB:15m:1:1:2971:2973:1,RB,17,10374.0,2025-08-18 21:30:00,3168.0,3169.0,3165.0,3166.0,5.0,True,3.680047942655906,3.8640503397887014,3.12804075125752,3.3120431483903157
RB:15m:1:1:2971:2973:1,RB,18,10375.0,2025-08-18 21:35:00,3166.0,3168.0,3164.0,3164.0,5.0,True,3.3120431483903157,3.680047942655906,2.944038354124725,2.944038354124725
RB:15m:1:1:2971:2973:1,RB,19,10376.0,2025-08-18 21:40:00,3165.0,3166.0,3162.0,3163.0,5.0,True,3.12804075125752,3.3120431483903157,2.5760335598591344,2.7600359569919295
RB:15m:1:1:2971:2973:1,RB,20,10377.0,2025-08-18 21:45:00,3163.0,3164.0,3161.0,3162.0,5.0,True,2.7600359569919295,2.944038354124725,2.392031162726339,2.5760335598591344
RB:15m:1:1:2971:2973:1,RB,21,10378.0,2025-08-18 21:50:00,3161.0,3163.0,3160.0,3161.0,5.0,True,2.392031162726339,2.7600359569919295,2.2080287655935438,2.392031162726339
RB:15m:1:1:2971:2973:1,RB,22,10379.0,2025-08-18 21:55:00,3161.0,3162.0,3160.0,3162.0,5.0,True,2.392031162726339,2.5760335598591344,2.2080287655935438,2.5760335598591344
RB:15m:1:1:2971:2973:1,RB,23,10380.0,2025-08-18 22:00:00,3162.0,3164.0,3159.0,3163.0,5.0,True,2.5760335598591344,2.944038354124725,2.0240263684607482,2.7600359569919295
RB:15m:1:1:2971:2973:1,RB,24,10381.0,2025-08-18 22:05:00,3164.0,3165.0,3160.0,3162.0,5.0,True,2.944038354124725,3.12804075125752,2.2080287655935438,2.5760335598591344
RB:15m:1:1:2971:2973:2,RB,1,10393.0,2025-08-19 09:05:00,3150.0,3150.0,3145.0,3147.0,0.0,False,0.0,0.0,-1.0838078953768513,-0.6502847372261108
RB:15m:1:1:2971:2973:2,RB,2,10394.0,2025-08-19 09:10:00,3146.0,3149.0,3146.0,3148.0,5.0,True,-0.8670463163014811,-0.21676157907537028,-0.8670463163014811,-0.43352315815074055
RB:15m:1:1:2971:2973:2,RB,3,10395.0,2025-08-19 09:15:00,3149.0,3149.0,3145.0,3147.0,5.0,True,-0.21676157907537028,-0.21676157907537028,-1.0838078953768513,-0.6502847372261108
RB:15m:1:1:2971:2973:2,RB,4,10396.0,2025-08-19 09:20:00,3147.0,3150.0,3146.0,3147.0,5.0,True,-0.6502847372261108,0.0,-0.8670463163014811,-0.6502847372261108
RB:15m:1:1:2971:2973:2,RB,5,10397.0,2025-08-19 09:25:00,3147.0,3159.0,3147.0,3154.0,5.0,True,-0.6502847372261108,1.9508542116783325,-0.6502847372261108,0.8670463163014811
RB:15m:1:1:2971:2973:2,RB,6,10398.0,2025-08-19 09:30:00,3155.0,3156.0,3151.0,3153.0,5.0,True,1.0838078953768513,1.3005694744522216,0.21676157907537028,0.6502847372261108
RB:15m:1:1:2971:2973:2,RB,7,10399.0,2025-08-19 09:35:00,3152.0,3153.0,3147.0,3149.0,5.0,True,0.43352315815074055,0.6502847372261108,-0.6502847372261108,-0.21676157907537028
RB:15m:1:1:2971:2973:2,RB,8,10400.0,2025-08-19 09:40:00,3148.0,3149.0,3145.0,3147.0,5.0,True,-0.43352315815074055,-0.21676157907537028,-1.0838078953768513,-0.6502847372261108
RB:15m:1:1:2971:2973:2,RB,9,10401.0,2025-08-19 09:45:00,3147.0,3148.0,3142.0,3143.0,5.0,True,-0.6502847372261108,-0.43352315815074055,-1.7340926326029622,-1.517331053527592
RB:15m:1:1:2971:2973:2,RB,10,10402.0,2025-08-19 09:50:00,3143.0,3150.0,3143.0,3149.0,5.0,True,-1.517331053527592,0.0,-1.517331053527592,-0.21676157907537028
RB:15m:1:1:2971:2973:2,RB,11,10403.0,2025-08-19 09:55:00,3149.0,3151.0,3147.0,3148.0,5.0,True,-0.21676157907537028,0.21676157907537028,-0.6502847372261108,-0.43352315815074055
RB:15m:1:1:2971:2973:2,RB,12,10404.0,2025-08-19 10:00:00,3148.0,3148.0,3141.0,3141.0,5.0,True,-0.43352315815074055,-0.43352315815074055,-1.9508542116783325,-1.9508542116783325
RB:15m:1:1:2971:2973:2,RB,13,10405.0,2025-08-19 10:05:00,3140.0,3145.0,3140.0,3144.0,5.0,True,-2.1676157907537026,-1.0838078953768513,-2.1676157907537026,-1.3005694744522216
RB:15m:1:1:2971:2973:2,RB,14,10406.0,2025-08-19 10:10:00,3144.0,3145.0,3139.0,3140.0,5.0,True,-1.3005694744522216,-1.0838078953768513,-2.384377369829073,-2.1676157907537026
RB:15m:1:1:2971:2973:2,RB,15,10407.0,2025-08-19 10:30:00,3141.0,3142.0,3136.0,3142.0,20.0,False,-1.9508542116783325,-1.7340926326029622,-3.034662107055184,-1.7340926326029622
RB:15m:1:1:2971:2973:2,RB,16,10408.0,2025-08-19 10:35:00,3142.0,3143.0,3134.0,3136.0,5.0,True,-1.7340926326029622,-1.517331053527592,-3.4681852652059244,-3.034662107055184
RB:15m:1:1:2971:2973:2,RB,17,10409.0,2025-08-19 10:40:00,3136.0,3138.0,3134.0,3135.0,5.0,True,-3.034662107055184,-2.601138948904443,-3.4681852652059244,-3.251423686130554
RB:15m:1:1:2971:2973:2,RB,18,10410.0,2025-08-19 10:45:00,3135.0,3136.0,3133.0,3133.0,5.0,True,-3.251423686130554,-3.034662107055184,-3.6849468442812947,-3.6849468442812947
RB:15m:1:1:2971:2973:2,RB,19,10411.0,2025-08-19 10:50:00,3134.0,3135.0,3130.0,3131.0,5.0,True,-3.4681852652059244,-3.251423686130554,-4.335231581507405,-4.118470002432035
RB:15m:1:1:2971:2973:2,RB,20,10412.0,2025-08-19 10:55:00,3131.0,3132.0,3127.0,3127.0,5.0,True,-4.118470002432035,-3.901708423356665,-4.9855163187335165,-4.9855163187335165
RB:15m:1:1:2971:2973:2,RB,21,10413.0,2025-08-19 11:00:00,3128.0,3131.0,3126.0,3129.0,5.0,True,-4.768754739658146,-4.118470002432035,-5.202277897808886,-4.551993160582776
RB:15m:1:1:2971:2973:2,RB,22,10414.0,2025-08-19 11:05:00,3129.0,3134.0,3128.0,3133.0,5.0,True,-4.551993160582776,-3.4681852652059244,-4.768754739658146,-3.6849468442812947
RB:15m:1:1:2971:2973:2,RB,23,10415.0,2025-08-19 11:10:00,3133.0,3134.0,3128.0,3130.0,5.0,True,-3.6849468442812947,-3.4681852652059244,-4.768754739658146,-4.335231581507405
RB:15m:1:1:2971:2973:2,RB,24,10416.0,2025-08-19 11:15:00,3131.0,3132.0,3127.0,3130.0,5.0,True,-4.118470002432035,-3.901708423356665,-4.9855163187335165,-4.335231581507405
RB:15m:1:1:2971:2973:3,RB,1,10400.0,2025-08-19 09:40:00,3148.0,3149.0,3145.0,3147.0,0.0,False,0.0,0.1974924736134617,-0.5924774208403851,-0.1974924736134617
RB:15m:1:1:2971:2973:3,RB,2,10401.0,2025-08-19 09:45:00,3147.0,3148.0,3142.0,3143.0,5.0,True,-0.1974924736134617,0.0,-1.1849548416807703,-0.9874623680673086
RB:15m:1:1:2971:2973:3,RB,3,10402.0,2025-08-19 09:50:00,3143.0,3150.0,3143.0,3149.0,5.0,True,-0.9874623680673086,0.3949849472269234,-0.9874623680673086,0.1974924736134617
RB:15m:1:1:2971:2973:3,RB,4,10403.0,2025-08-19 09:55:00,3149.0,3151.0,3147.0,3148.0,5.0,True,0.1974924736134617,0.5924774208403851,-0.1974924736134617,0.0
RB:15m:1:1:2971:2973:3,RB,5,10404.0,2025-08-19 10:00:00,3148.0,3148.0,3141.0,3141.0,5.0,True,0.0,0.0,-1.382447315294232,-1.382447315294232
RB:15m:1:1:2971:2973:3,RB,6,10405.0,2025-08-19 10:05:00,3140.0,3145.0,3140.0,3144.0,5.0,True,-1.5799397889076936,-0.5924774208403851,-1.5799397889076936,-0.7899698944538468
RB:15m:1:1:2971:2973:3,RB,7,10406.0,2025-08-19 10:10:00,3144.0,3145.0,3139.0,3140.0,5.0,True,-0.7899698944538468,-0.5924774208403851,-1.7774322625211554,-1.5799397889076936
RB:15m:1:1:2971:2973:3,RB,8,10407.0,2025-08-19 10:30:00,3141.0,3142.0,3136.0,3142.0,20.0,False,-1.382447315294232,-1.1849548416807703,-2.3699096833615405,-1.1849548416807703
RB:15m:1:1:2971:2973:3,RB,9,10408.0,2025-08-19 10:35:00,3142.0,3143.0,3134.0,3136.0,5.0,True,-1.1849548416807703,-0.9874623680673086,-2.764894630588464,-2.3699096833615405
RB:15m:1:1:2971:2973:3,RB,10,10409.0,2025-08-19 10:40:00,3136.0,3138.0,3134.0,3135.0,5.0,True,-2.3699096833615405,-1.9749247361346172,-2.764894630588464,-2.5674021569750023
RB:15m:1:1:2971:2973:3,RB,11,10410.0,2025-08-19 10:45:00,3135.0,3136.0,3133.0,3133.0,5.0,True,-2.5674021569750023,-2.3699096833615405,-2.962387104201926,-2.962387104201926
RB:15m:1:1:2971:2973:3,RB,12,10411.0,2025-08-19 10:50:00,3134.0,3135.0,3130.0,3131.0,5.0,True,-2.764894630588464,-2.5674021569750023,-3.5548645250423108,-3.357372051428849
RB:15m:1:1:2971:2973:3,RB,13,10412.0,2025-08-19 10:55:00,3131.0,3132.0,3127.0,3127.0,5.0,True,-3.357372051428849,-3.159879577815387,-4.147341945882696,-4.147341945882696
RB:15m:1:1:2971:2973:3,RB,14,10413.0,2025-08-19 11:00:00,3128.0,3131.0,3126.0,3129.0,5.0,True,-3.9498494722692343,-3.357372051428849,-4.3448344194961575,-3.7523569986557725
RB:15m:1:1:2971:2973:3,RB,15,10414.0,2025-08-19 11:05:00,3129.0,3134.0,3128.0,3133.0,5.0,True,-3.7523569986557725,-2.764894630588464,-3.9498494722692343,-2.962387104201926
RB:15m:1:1:2971:2973:3,RB,16,10415.0,2025-08-19 11:10:00,3133.0,3134.0,3128.0,3130.0,5.0,True,-2.962387104201926,-2.764894630588464,-3.9498494722692343,-3.5548645250423108
RB:15m:1:1:2971:2973:3,RB,17,10416.0,2025-08-19 11:15:00,3131.0,3132.0,3127.0,3130.0,5.0,True,-3.357372051428849,-3.159879577815387,-4.147341945882696,-3.5548645250423108
RB:15m:1:1:2971:2973:3,RB,18,10417.0,2025-08-19 11:20:00,3130.0,3134.0,3128.0,3133.0,5.0,True,-3.5548645250423108,-2.764894630588464,-3.9498494722692343,-2.962387104201926
RB:15m:1:1:2971:2973:3,RB,19,10418.0,2025-08-19 11:25:00,3133.0,3137.0,3129.0,3136.0,5.0,True,-2.962387104201926,-2.1724172097480787,-3.7523569986557725,-2.3699096833615405
RB:15m:1:1:2971:2973:3,RB,20,10419.0,2025-08-19 13:30:00,3136.0,3138.0,3125.0,3126.0,125.0,False,-2.3699096833615405,-1.9749247361346172,-4.542326893109619,-4.3448344194961575
RB:15m:1:1:2971:2973:3,RB,21,10420.0,2025-08-19 13:35:00,3127.0,3129.0,3126.0,3127.0,5.0,True,-4.147341945882696,-3.7523569986557725,-4.3448344194961575,-4.147341945882696
RB:15m:1:1:2971:2973:3,RB,22,10421.0,2025-08-19 13:40:00,3127.0,3132.0,3126.0,3131.0,5.0,True,-4.147341945882696,-3.159879577815387,-4.3448344194961575,-3.357372051428849
RB:15m:1:1:2971:2973:3,RB,23,10422.0,2025-08-19 13:45:00,3131.0,3131.0,3124.0,3128.0,5.0,True,-3.357372051428849,-3.357372051428849,-4.739819366723081,-3.9498494722692343
RB:15m:1:1:2971:2973:3,RB,24,10423.0,2025-08-19 13:50:00,3128.0,3128.0,3122.0,3126.0,5.0,True,-3.9498494722692343,-3.9498494722692343,-5.134804313950005,-4.3448344194961575
RB:15m:1:1:2986:2990:1,RB,1,8975.0,2025-07-21 13:55:00,3223.0,3223.0,3218.0,3218.0,0.0,False,0.0,0.0,-0.8227414356612063,-0.8227414356612063
RB:15m:1:1:2986:2990:1,RB,2,8976.0,2025-07-21 14:00:00,3218.0,3223.0,3216.0,3216.0,5.0,True,-0.8227414356612063,0.0,-1.1518380099256889,-1.1518380099256889
RB:15m:1:1:2986:2990:1,RB,3,8977.0,2025-07-21 14:05:00,3216.0,3218.0,3211.0,3216.0,5.0,True,-1.1518380099256889,-0.8227414356612063,-1.9745794455868952,-1.1518380099256889
RB:15m:1:1:2986:2990:1,RB,4,8978.0,2025-07-21 14:10:00,3216.0,3220.0,3214.0,3215.0,5.0,True,-1.1518380099256889,-0.4936448613967238,-1.4809345841901713,-1.31638629705793
RB:15m:1:1:2986:2990:1,RB,5,8979.0,2025-07-21 14:15:00,3214.0,3217.0,3212.0,3216.0,5.0,True,-1.4809345841901713,-0.9872897227934476,-1.8100311584546538,-1.1518380099256889
RB:15m:1:1:2986:2990:1,RB,6,8980.0,2025-07-21 14:20:00,3216.0,3220.0,3215.0,3216.0,5.0,True,-1.1518380099256889,-0.4936448613967238,-1.31638629705793,-1.1518380099256889
RB:15m:1:1:2986:2990:1,RB,7,8981.0,2025-07-21 14:25:00,3216.0,3219.0,3215.0,3218.0,5.0,True,-1.1518380099256889,-0.658193148528965,-1.31638629705793,-0.8227414356612063
RB:15m:1:1:2986:2990:1,RB,8,8982.0,2025-07-21 14:30:00,3217.0,3223.0,3216.0,3221.0,5.0,True,-0.9872897227934476,0.0,-1.1518380099256889,-0.3290965742644825
RB:15m:1:1:2986:2990:1,RB,9,8983.0,2025-07-21 14:35:00,3221.0,3225.0,3220.0,3224.0,5.0,True,-0.3290965742644825,0.3290965742644825,-0.4936448613967238,0.16454828713224126
RB:15m:1:1:2986:2990:1,RB,10,8984.0,2025-07-21 14:40:00,3224.0,3228.0,3224.0,3226.0,5.0,True,0.16454828713224126,0.8227414356612063,0.16454828713224126,0.4936448613967238
RB:15m:1:1:2986:2990:1,RB,11,8985.0,2025-07-21 14:45:00,3226.0,3227.0,3221.0,3222.0,5.0,True,0.4936448613967238,0.658193148528965,-0.3290965742644825,-0.16454828713224126
RB:15m:1:1:2986:2990:1,RB,12,8986.0,2025-07-21 14:50:00,3222.0,3223.0,3220.0,3221.0,5.0,True,-0.16454828713224126,0.0,-0.4936448613967238,-0.3290965742644825
RB:15m:1:1:2986:2990:1,RB,13,8987.0,2025-07-21 14:55:00,3221.0,3224.0,3221.0,3224.0,5.0,True,-0.3290965742644825,0.16454828713224126,-0.3290965742644825,0.16454828713224126
RB:15m:1:1:2986:2990:1,RB,14,8988.0,2025-07-21 21:00:00,3224.0,3228.0,3217.0,3226.0,365.0,False,0.16454828713224126,0.8227414356612063,-0.9872897227934476,0.4936448613967238
RB:15m:1:1:2986:2990:1,RB,15,8989.0,2025-07-21 21:05:00,3227.0,3229.0,3223.0,3226.0,5.0,True,0.658193148528965,0.9872897227934476,0.0,0.4936448613967238
RB:15m:1:1:2986:2990:1,RB,16,8990.0,2025-07-21 21:10:00,3227.0,3228.0,3224.0,3227.0,5.0,True,0.658193148528965,0.8227414356612063,0.16454828713224126,0.658193148528965
RB:15m:1:1:2986:2990:1,RB,17,8991.0,2025-07-21 21:15:00,3227.0,3227.0,3221.0,3223.0,5.0,True,0.658193148528965,0.658193148528965,-0.3290965742644825,0.0
RB:15m:1:1:2986:2990:1,RB,18,8992.0,2025-07-21 21:20:00,3222.0,3224.0,3217.0,3219.0,5.0,True,-0.16454828713224126,0.16454828713224126,-0.9872897227934476,-0.658193148528965
RB:15m:1:1:2986:2990:1,RB,19,8993.0,2025-07-21 21:25:00,3220.0,3221.0,3217.0,3218.0,5.0,True,-0.4936448613967238,-0.3290965742644825,-0.9872897227934476,-0.8227414356612063
RB:15m:1:1:2986:2990:1,RB,20,8994.0,2025-07-21 21:30:00,3217.0,3220.0,3217.0,3218.0,5.0,True,-0.9872897227934476,-0.4936448613967238,-0.9872897227934476,-0.8227414356612063
RB:15m:1:1:2986:2990:1,RB,21,8995.0,2025-07-21 21:35:00,3219.0,3221.0,3218.0,3220.0,5.0,True,-0.658193148528965,-0.3290965742644825,-0.8227414356612063,-0.4936448613967238
RB:15m:1:1:2986:2990:1,RB,22,8996.0,2025-07-21 21:40:00,3220.0,3222.0,3217.0,3218.0,5.0,True,-0.4936448613967238,-0.16454828713224126,-0.9872897227934476,-0.8227414356612063
RB:15m:1:1:2986:2990:1,RB,23,8997.0,2025-07-21 21:45:00,3218.0,3220.0,3215.0,3216.0,5.0,True,-0.8227414356612063,-0.4936448613967238,-1.31638629705793,-1.1518380099256889
RB:15m:1:1:2986:2990:1,RB,24,8998.0,2025-07-21 21:50:00,3216.0,3219.0,3216.0,3216.0,5.0,True,-1.1518380099256889,-0.658193148528965,-1.1518380099256889,-1.1518380099256889
RB:15m:1:1:2999:3011:1,RB,1,9529.0,2025-07-31 14:05:00,3221.0,3223.0,3215.0,3218.0,0.0,False,0.0,0.26341400783542956,-0.7902420235062887,-0.39512101175314435
RB:15m:1:1:2999:3011:1,RB,2,9530.0,2025-07-31 14:10:00,3219.0,3221.0,3210.0,3210.0,5.0,True,-0.26341400783542956,0.0,-1.4487770430948625,-1.4487770430948625
RB:15m:1:1:2999:3011:1,RB,3,9531.0,2025-07-31 14:15:00,3210.0,3212.0,3206.0,3207.0,5.0,True,-1.4487770430948625,-1.1853630352594329,-1.9756050587657217,-1.8438980548480068
RB:15m:1:1:2999:3011:1,RB,4,9532.0,2025-07-31 14:20:00,3206.0,3211.0,3205.0,3211.0,5.0,True,-1.9756050587657217,-1.3170700391771477,-2.1073120626834365,-1.3170700391771477
RB:15m:1:1:2999:3011:1,RB,5,9533.0,2025-07-31 14:25:00,3211.0,3211.0,3203.0,3204.0,5.0,True,-1.3170700391771477,-1.3170700391771477,-2.3707260705188657,-2.239019066601151
RB:15m:1:1:2999:3011:1,RB,6,9534.0,2025-07-31 14:30:00,3204.0,3205.0,3190.0,3192.0,5.0,True,-2.239019066601151,-2.1073120626834365,-4.082917121449158,-3.8195031136137283
RB:15m:1:1:2999:3011:1,RB,7,9535.0,2025-07-31 14:35:00,3191.0,3199.0,3191.0,3191.0,5.0,True,-3.9512101175314434,-2.897554086189725,-3.9512101175314434,-3.9512101175314434
RB:15m:1:1:2999:3011:1,RB,8,9536.0,2025-07-31 14:40:00,3191.0,3193.0,3186.0,3191.0,5.0,True,-3.9512101175314434,-3.6877961096960137,-4.609745137120017,-3.9512101175314434
RB:15m:1:1:2999:3011:1,RB,9,9537.0,2025-07-31 14:45:00,3190.0,3199.0,3186.0,3196.0,5.0,True,-4.082917121449158,-2.897554086189725,-4.609745137120017,-3.2926750979428694
RB:15m:1:1:2999:3011:1,RB,10,9538.0,2025-07-31 14:50:00,3197.0,3205.0,3192.0,3205.0,5.0,True,-3.1609680940251548,-2.1073120626834365,-3.8195031136137283,-2.1073120626834365
RB:15m:1:1:2999:3011:1,RB,11,9539.0,2025-07-31 14:55:00,3205.0,3207.0,3200.0,3205.0,5.0,True,-2.1073120626834365,-1.8438980548480068,-2.76584708227201,-2.1073120626834365
RB:15m:1:1:2999:3011:1,RB,12,9540.0,2025-07-31 21:00:00,3210.0,3218.0,3204.0,3212.0,365.0,False,-1.4487770430948625,-0.39512101175314435,-2.239019066601151,-1.1853630352594329
RB:15m:1:1:2999:3011:1,RB,13,9541.0,2025-07-31 21:05:00,3212.0,3220.0,3211.0,3215.0,5.0,True,-1.1853630352594329,-0.13170700391771478,-1.3170700391771477,-0.7902420235062887
RB:15m:1:1:2999:3011:1,RB,14,9542.0,2025-07-31 21:10:00,3214.0,3220.0,3214.0,3218.0,5.0,True,-0.9219490274240034,-0.13170700391771478,-0.9219490274240034,-0.39512101175314435
RB:15m:1:1:2999:3011:1,RB,15,9543.0,2025-07-31 21:15:00,3218.0,3222.0,3214.0,3216.0,5.0,True,-0.39512101175314435,0.13170700391771478,-0.9219490274240034,-0.6585350195885739
RB:15m:1:1:2999:3011:1,RB,16,9544.0,2025-07-31 21:20:00,3215.0,3219.0,3213.0,3217.0,5.0,True,-0.7902420235062887,-0.26341400783542956,-1.0536560313417183,-0.5268280156708591
RB:15m:1:1:2999:3011:1,RB,17,9545.0,2025-07-31 21:25:00,3217.0,3218.0,3209.0,3211.0,5.0,True,-0.5268280156708591,-0.39512101175314435,-1.5804840470125774,-1.3170700391771477
RB:15m:1:1:2999:3011:1,RB,18,9546.0,2025-07-31 21:30:00,3211.0,3211.0,3204.0,3206.0,5.0,True,-1.3170700391771477,-1.3170700391771477,-2.239019066601151,-1.9756050587657217
RB:15m:1:1:2999:3011:1,RB,19,9547.0,2025-07-31 21:35:00,3205.0,3215.0,3205.0,3214.0,5.0,True,-2.1073120626834365,-0.7902420235062887,-2.1073120626834365,-0.9219490274240034
RB:15m:1:1:2999:3011:1,RB,20,9548.0,2025-07-31 21:40:00,3214.0,3216.0,3212.0,3215.0,5.0,True,-0.9219490274240034,-0.6585350195885739,-1.1853630352594329,-0.7902420235062887
RB:15m:1:1:2999:3011:1,RB,21,9549.0,2025-07-31 21:45:00,3217.0,3217.0,3212.0,3214.0,5.0,True,-0.5268280156708591,-0.5268280156708591,-1.1853630352594329,-0.9219490274240034
RB:15m:1:1:2999:3011:1,RB,22,9550.0,2025-07-31 21:50:00,3213.0,3220.0,3213.0,3219.0,5.0,True,-1.0536560313417183,-0.13170700391771478,-1.0536560313417183,-0.26341400783542956
RB:15m:1:1:2999:3011:1,RB,23,9551.0,2025-07-31 21:55:00,3219.0,3222.0,3218.0,3219.0,5.0,True,-0.26341400783542956,0.13170700391771478,-0.39512101175314435,-0.26341400783542956
RB:15m:1:1:2999:3011:1,RB,24,9552.0,2025-07-31 22:00:00,3220.0,3221.0,3217.0,3218.0,5.0,True,-0.13170700391771478,0.0,-0.5268280156708591,-0.39512101175314435
RB:15m:1:1:3050:3060:1,RB,1,9288.0,2025-07-28 09:00:00,3250.0,3267.0,3232.0,3266.0,3480.0,False,0.0,1.3992826168296195,-1.4815933589960677,1.3169718746631713
RB:15m:1:1:3050:3060:1,RB,2,9289.0,2025-07-28 09:05:00,3265.0,3268.0,3256.0,3263.0,5.0,True,1.2346611324967232,1.4815933589960677,0.49386445299868925,1.0700396481638268
RB:15m:1:1:3050:3060:1,RB,3,9290.0,2025-07-28 09:10:00,3264.0,3271.0,3262.0,3266.0,5.0,True,1.152350390330275,1.7285255854954125,0.9877289059973785,1.3169718746631713
RB:15m:1:1:3050:3060:1,RB,4,9291.0,2025-07-28 09:15:00,3267.0,3270.0,3262.0,3267.0,5.0,True,1.3992826168296195,1.6462148433289643,0.9877289059973785,1.3992826168296195
RB:15m:1:1:3050:3060:1,RB,5,9292.0,2025-07-28 09:20:00,3266.0,3270.0,3263.0,3264.0,5.0,True,1.3169718746631713,1.6462148433289643,1.0700396481638268,1.152350390330275
RB:15m:1:1:3050:3060:1,RB,6,9293.0,2025-07-28 09:25:00,3265.0,3267.0,3261.0,3267.0,5.0,True,1.2346611324967232,1.3992826168296195,0.9054181638309303,1.3992826168296195
RB:15m:1:1:3050:3060:1,RB,7,9294.0,2025-07-28 09:30:00,3266.0,3266.0,3259.0,3260.0,5.0,True,1.3169718746631713,1.3169718746631713,0.7407966794980338,0.8231074216644821
RB:15m:1:1:3050:3060:1,RB,8,9295.0,2025-07-28 09:35:00,3260.0,3261.0,3254.0,3260.0,5.0,True,0.8231074216644821,0.9054181638309303,0.32924296866579283,0.8231074216644821
RB:15m:1:1:3050:3060:1,RB,9,9296.0,2025-07-28 09:40:00,3260.0,3261.0,3255.0,3261.0,5.0,True,0.8231074216644821,0.9054181638309303,0.41155371083224107,0.9054181638309303
RB:15m:1:1:3050:3060:1,RB,10,9297.0,2025-07-28 09:45:00,3261.0,3266.0,3258.0,3266.0,5.0,True,0.9054181638309303,1.3169718746631713,0.6584859373315857,1.3169718746631713
RB:15m:1:1:3050:3060:1,RB,11,9298.0,2025-07-28 09:50:00,3266.0,3268.0,3262.0,3266.0,5.0,True,1.3169718746631713,1.4815933589960677,0.9877289059973785,1.3169718746631713
RB:15m:1:1:3050:3060:1,RB,12,9299.0,2025-07-28 09:55:00,3266.0,3266.0,3261.0,3263.0,5.0,True,1.3169718746631713,1.3169718746631713,0.9054181638309303,1.0700396481638268
RB:15m:1:1:3050:3060:1,RB,13,9300.0,2025-07-28 10:00:00,3263.0,3270.0,3262.0,3268.0,5.0,True,1.0700396481638268,1.6462148433289643,0.9877289059973785,1.4815933589960677
RB:15m:1:1:3050:3060:1,RB,14,9301.0,2025-07-28 10:05:00,3268.0,3278.0,3267.0,3277.0,5.0,True,1.4815933589960677,2.30470078066055,1.3992826168296195,2.2223900384941015
RB:15m:1:1:3050:3060:1,RB,15,9302.0,2025-07-28 10:10:00,3276.0,3284.0,3275.0,3278.0,5.0,True,2.1400792963276536,2.798565233659239,2.057768554161205,2.30470078066055
RB:15m:1:1:3050:3060:1,RB,16,9303.0,2025-07-28 10:30:00,3277.0,3283.0,3277.0,3279.0,20.0,False,2.2223900384941015,2.716254491492791,2.2223900384941015,2.387011522826998
RB:15m:1:1:3050:3060:1,RB,17,9304.0,2025-07-28 10:35:00,3279.0,3282.0,3276.0,3276.0,5.0,True,2.387011522826998,2.6339437493263427,2.1400792963276536,2.1400792963276536
RB:15m:1:1:3050:3060:1,RB,18,9305.0,2025-07-28 10:40:00,3277.0,3281.0,3275.0,3278.0,5.0,True,2.2223900384941015,2.5516330071598947,2.057768554161205,2.30470078066055
RB:15m:1:1:3050:3060:1,RB,19,9306.0,2025-07-28 10:45:00,3279.0,3279.0,3270.0,3276.0,5.0,True,2.387011522826998,2.387011522826998,1.6462148433289643,2.1400792963276536
RB:15m:1:1:3050:3060:1,RB,20,9307.0,2025-07-28 10:50:00,3276.0,3278.0,3275.0,3278.0,5.0,True,2.1400792963276536,2.30470078066055,2.057768554161205,2.30470078066055
RB:15m:1:1:3050:3060:1,RB,21,9308.0,2025-07-28 10:55:00,3278.0,3278.0,3273.0,3276.0,5.0,True,2.30470078066055,2.30470078066055,1.8931470698283088,2.1400792963276536
RB:15m:1:1:3050:3060:1,RB,22,9309.0,2025-07-28 11:00:00,3276.0,3276.0,3271.0,3271.0,5.0,True,2.1400792963276536,2.1400792963276536,1.7285255854954125,1.7285255854954125
RB:15m:1:1:3050:3060:1,RB,23,9310.0,2025-07-28 11:05:00,3272.0,3276.0,3271.0,3272.0,5.0,True,1.8108363276618606,2.1400792963276536,1.7285255854954125,1.8108363276618606
RB:15m:1:1:3050:3060:1,RB,24,9311.0,2025-07-28 11:10:00,3272.0,3275.0,3268.0,3271.0,5.0,True,1.8108363276618606,2.057768554161205,1.4815933589960677,1.7285255854954125
RB:15m:1:1:3074:3085:1,RB,1,9279.0,2025-07-25 22:15:00,3302.0,3302.0,3285.0,3290.0,0.0,False,0.0,0.0,-1.4722955067304764,-1.0392674165156304
RB:15m:1:1:3074:3085:1,RB,2,9280.0,2025-07-25 22:20:00,3291.0,3304.0,3289.0,3294.0,5.0,True,-0.9526617984726611,0.17321123608593839,-1.1258730345585994,-0.6928449443437535
RB:15m:1:1:3074:3085:1,RB,3,9281.0,2025-07-25 22:25:00,3294.0,3304.0,3293.0,3302.0,5.0,True,-0.6928449443437535,0.17321123608593839,-0.7794505623867227,0.0
RB:15m:1:1:3074:3085:1,RB,4,9282.0,2025-07-25 22:30:00,3303.0,3306.0,3295.0,3297.0,5.0,True,0.08660561804296919,0.34642247217187677,-0.6062393263007844,-0.43302809021484595
RB:15m:1:1:3074:3085:1,RB,5,9283.0,2025-07-25 22:35:00,3297.0,3300.0,3292.0,3293.0,5.0,True,-0.43302809021484595,-0.17321123608593839,-0.8660561804296919,-0.7794505623867227
RB:15m:1:1:3074:3085:1,RB,6,9284.0,2025-07-25 22:40:00,3293.0,3294.0,3279.0,3279.0,5.0,True,-0.7794505623867227,-0.6928449443437535,-1.9919292149882915,-1.9919292149882915
RB:15m:1:1:3074:3085:1,RB,7,9285.0,2025-07-25 22:45:00,3280.0,3284.0,3275.0,3278.0,5.0,True,-1.9053235969453222,-1.5589011247734454,-2.338351687160168,-2.0785348330312607
RB:15m:1:1:3074:3085:1,RB,8,9286.0,2025-07-25 22:50:00,3278.0,3278.0,3270.0,3276.0,5.0,True,-2.0785348330312607,-2.0785348330312607,-2.771379777375014,-2.251746069117199
RB:15m:1:1:3074:3085:1,RB,9,9287.0,2025-07-25 22:55:00,3276.0,3276.0,3255.0,3268.0,5.0,True,-2.251746069117199,-2.251746069117199,-4.070464048019552,-2.9445910134609528
RB:15m:1:1:3074:3085:1,RB,10,9288.0,2025-07-28 09:00:00,3250.0,3267.0,3232.0,3266.0,3485.0,False,-4.503492138234398,-3.0311966315039216,-6.062393263007843,-3.117802249546891
RB:15m:1:1:3074:3085:1,RB,11,9289.0,2025-07-28 09:05:00,3265.0,3268.0,3256.0,3263.0,5.0,True,-3.20440786758986,-2.9445910134609528,-3.983858429976583,-3.3776191036757988
RB:15m:1:1:3074:3085:1,RB,12,9290.0,2025-07-28 09:10:00,3264.0,3271.0,3262.0,3266.0,5.0,True,-3.2910134856328295,-2.684774159332045,-3.4642247217187676,-3.117802249546891
RB:15m:1:1:3074:3085:1,RB,13,9291.0,2025-07-28 09:15:00,3267.0,3270.0,3262.0,3267.0,5.0,True,-3.0311966315039216,-2.771379777375014,-3.4642247217187676,-3.0311966315039216
RB:15m:1:1:3074:3085:1,RB,14,9292.0,2025-07-28 09:20:00,3266.0,3270.0,3263.0,3264.0,5.0,True,-3.117802249546891,-2.771379777375014,-3.3776191036757988,-3.2910134856328295
RB:15m:1:1:3074:3085:1,RB,15,9293.0,2025-07-28 09:25:00,3265.0,3267.0,3261.0,3267.0,5.0,True,-3.20440786758986,-3.0311966315039216,-3.550830339761737,-3.0311966315039216
RB:15m:1:1:3074:3085:1,RB,16,9294.0,2025-07-28 09:30:00,3266.0,3266.0,3259.0,3260.0,5.0,True,-3.117802249546891,-3.117802249546891,-3.7240415758476755,-3.637435957804706
RB:15m:1:1:3074:3085:1,RB,17,9295.0,2025-07-28 09:35:00,3260.0,3261.0,3254.0,3260.0,5.0,True,-3.637435957804706,-3.550830339761737,-4.1570696660625215,-3.637435957804706
RB:15m:1:1:3074:3085:1,RB,18,9296.0,2025-07-28 09:40:00,3260.0,3261.0,3255.0,3261.0,5.0,True,-3.637435957804706,-3.550830339761737,-4.070464048019552,-3.550830339761737
RB:15m:1:1:3074:3085:1,RB,19,9297.0,2025-07-28 09:45:00,3261.0,3266.0,3258.0,3266.0,5.0,True,-3.550830339761737,-3.117802249546891,-3.8106471938906443,-3.117802249546891
RB:15m:1:1:3074:3085:1,RB,20,9298.0,2025-07-28 09:50:00,3266.0,3268.0,3262.0,3266.0,5.0,True,-3.117802249546891,-2.9445910134609528,-3.4642247217187676,-3.117802249546891
RB:15m:1:1:3074:3085:1,RB,21,9299.0,2025-07-28 09:55:00,3266.0,3266.0,3261.0,3263.0,5.0,True,-3.117802249546891,-3.117802249546891,-3.550830339761737,-3.3776191036757988
RB:15m:1:1:3074:3085:1,RB,22,9300.0,2025-07-28 10:00:00,3263.0,3270.0,3262.0,3268.0,5.0,True,-3.3776191036757988,-2.771379777375014,-3.4642247217187676,-2.9445910134609528
RB:15m:1:1:3074:3085:1,RB,23,9301.0,2025-07-28 10:05:00,3268.0,3278.0,3267.0,3277.0,5.0,True,-2.9445910134609528,-2.0785348330312607,-3.0311966315039216,-2.16514045107423
RB:15m:1:1:3074:3085:1,RB,24,9302.0,2025-07-28 10:10:00,3276.0,3284.0,3275.0,3278.0,5.0,True,-2.251746069117199,-1.5589011247734454,-2.338351687160168,-2.0785348330312607
