symbol,source_tf,source_ob_internal,source_ob_structure,source_ob_bias,source_anchor_index,source_confirmed_index,source_confirmed_available_time,source_ob_canonical_bar_low,source_ob_canonical_bar_high,source_ob_zone_low,source_ob_zone_high,source_ob_endpoints_swapped,touch_ordinal,is_first_touch,touch_5m_bar_index,touch_bar_start_time,touch_time,touch_raw_canonical_overlap,candidate_id,candidate_group_id,group_candidate_count,group_has_5m,group_has_15m,group_has_1h,group_tf_count,group_bull_count,group_bear_count,group_same_bias_count,group_opposite_bias_count,group_bias_conflict,entry_5m_bar_index,entry_time,entry_next_5m_open,entry_delay_minutes,5m_atr14,source_ob_width_atr5,touch_intrabar_far_edge_breach,touch_close_beyond_far_edge,touch_reclaimed_by_close,quant_state_decision_time,quant_state_age_minutes,quant_q10,quant_q50,quant_q90,quant_width,quant_width_percentile_train,quant_top30_train,quant_crossed,quant_fold
M,5m,True,internal,-1,9231,9239,2025-07-25 11:00:00,3021.0,3026.0,3021.0,3026.0,False,1,True,9245,2025-07-25 11:25:00,2025-07-25 11:30:00,True,M:5m:1:-1:9231:9239:1,M:9245,1,True,False,False,1,0,1,1,0,False,9246,2025-07-25 13:30:00,3021.0,120.0,4.148899496008221,1.2051388578611382,False,False,False,,,,,,,,,,
M,5m,True,internal,-1,9231,9239,2025-07-25 11:00:00,3021.0,3026.0,3021.0,3026.0,False,2,False,9249,2025-07-25 13:45:00,2025-07-25 13:50:00,True,M:5m:1:-1:9231:9239:2,M:9249,1,True,False,False,1,0,1,1,0,False,9250,2025-07-25 13:50:00,3020.0,0.0,4.377075138106279,1.1423153229586154,False,False,False,2025-07-25 13:45:00,5.0,-0.0029330644180407227,1.8730553363584123e-05,0.003139808970688415,0.006072873388729138,0.3056558363417569,False,False,0.0
M,5m,True,internal,-1,9231,9239,2025-07-25 11:00:00,3021.0,3026.0,3021.0,3026.0,False,3,False,9262,2025-07-25 14:50:00,2025-07-25 14:55:00,True,M:5m:1:-1:9231:9239:3,M:9262,1,True,False,False,1,0,1,1,0,False,9263,2025-07-25 14:55:00,3021.0,0.0,4.061930527260982,1.2309417816093402,False,False,False,,,,,,,,,,
M,5m,True,internal,-1,9231,9239,2025-07-25 11:00:00,3021.0,3026.0,3021.0,3026.0,False,4,False,9281,2025-07-25 22:25:00,2025-07-25 22:30:00,True,M:5m:1:-1:9231:9239:4,M:9281,1,True,False,False,1,0,1,1,0,False,9282,2025-07-25 22:30:00,3020.0,0.0,4.343054530485245,1.1512634632845276,False,False,False,,,,,,,,,,
M,5m,True,internal,-1,9231,9239,2025-07-25 11:00:00,3021.0,3026.0,3021.0,3026.0,False,5,False,9471,2025-07-30 21:00:00,2025-07-30 21:05:00,True,M:5m:1:-1:9231:9239:5,M:9471,4,True,True,False,2,0,4,4,0,False,9472,2025-07-30 21:05:00,3019.0,0.0,5.189724566578423,0.9634422667052043,False,False,False,,,,,,,,,,
M,5m,True,internal,-1,9231,9239,2025-07-25 11:00:00,3021.0,3026.0,3021.0,3026.0,False,6,False,9568,2025-08-01 09:20:00,2025-08-01 09:25:00,True,M:5m:1:-1:9231:9239:6,M:9568,1,True,False,False,1,0,1,1,0,False,9569,2025-08-01 09:25:00,3020.0,0.0,5.516422348331154,0.906384552211202,False,False,False,2025-08-01 09:15:00,10.0,-0.003609573867147374,8.384534608043407e-05,0.0039350917029309755,0.00754466557007835,0.7713598074608905,True,False,0.0
M,5m,True,internal,-1,9231,9239,2025-07-25 11:00:00,3021.0,3026.0,3021.0,3026.0,False,7,False,9612,2025-08-01 21:15:00,2025-08-01 21:20:00,True,M:5m:1:-1:9231:9239:7,M:9612,4,True,True,False,2,0,4,4,0,False,9613,2025-08-01 21:20:00,3020.0,0.0,4.776250221731217,1.0468463266959414,False,False,False,2025-08-01 21:15:00,5.0,-0.003218196147119582,-9.415660083388331e-06,0.003340161641158419,0.006558357788278001,0.4969915764139591,False,False,0.0
M,5m,True,internal,-1,9231,9239,2025-07-25 11:00:00,3021.0,3026.0,3021.0,3026.0,False,8,False,9617,2025-08-01 21:40:00,2025-08-01 21:45:00,True,M:5m:1:-1:9231:9239:8,M:9617,1,True,False,False,1,0,1,1,0,False,9618,2025-08-01 21:45:00,3017.0,0.0,4.828224983595467,1.0355772601708002,False,False,False,2025-08-01 21:45:00,0.0,-0.0030792388672643703,0.00010913954829808064,0.002607065715509898,0.005686304582774268,0.16606498194945848,False,False,0.0
M,5m,True,internal,-1,9231,9239,2025-07-25 11:00:00,3021.0,3026.0,3021.0,3026.0,False,9,False,9630,2025-08-01 22:45:00,2025-08-01 22:50:00,True,M:5m:1:-1:9231:9239:9,M:9630,1,True,False,False,1,0,1,1,0,False,9631,2025-08-01 22:50:00,3021.0,0.0,4.317383984322736,1.158108710773926,False,False,False,,,,,,,,,,
M,5m,True,internal,-1,9262,9264,2025-07-25 21:05:00,3016.0,3023.0,3016.0,3023.0,False,1,True,9266,2025-07-25 21:10:00,2025-07-25 21:15:00,True,M:5m:1:-1:9262:9264:1,M:9266,1,True,False,False,1,0,1,1,0,False,9267,2025-07-25 21:15:00,3016.0,0.0,4.676171329370598,1.4969511395003108,False,False,False,2025-07-25 21:15:00,0.0,-0.0028938252955484317,0.0002643139034495657,0.003886933279126129,0.006780758574674561,0.5740072202166066,False,False,0.0
M,5m,True,internal,-1,9262,9264,2025-07-25 21:05:00,3016.0,3023.0,3016.0,3023.0,False,2,False,9270,2025-07-25 21:30:00,2025-07-25 21:35:00,True,M:5m:1:-1:9262:9264:2,M:9270,1,True,False,False,1,0,1,1,0,False,9271,2025-07-25 21:35:00,3015.0,0.0,4.502372171442985,1.5547359777138412,False,False,False,2025-07-25 21:30:00,5.0,-0.0030626177803696523,0.0002929813706341704,0.003427524222814504,0.006490142003184157,0.4729241877256318,False,False,0.0
M,5m,True,internal,-1,9262,9264,2025-07-25 21:05:00,3016.0,3023.0,3016.0,3023.0,False,3,False,9275,2025-07-25 21:55:00,2025-07-25 22:00:00,True,M:5m:1:-1:9262:9264:3,M:9275,1,True,False,False,1,0,1,1,0,False,9276,2025-07-25 22:00:00,3014.0,0.0,4.02395815480823,1.739580713988215,False,False,False,2025-07-25 22:00:00,0.0,-0.002590382019102129,0.000484435410608188,0.00299940449306092,0.005589786512163049,0.1371841155234657,False,False,0.0
M,5m,True,internal,-1,9262,9264,2025-07-25 21:05:00,3016.0,3023.0,3016.0,3023.0,False,4,False,9435,2025-07-30 09:45:00,2025-07-30 09:50:00,True,M:5m:1:-1:9262:9264:4,M:9435,2,True,True,False,2,0,2,2,0,False,9436,2025-07-30 09:50:00,3011.0,0.0,5.588416213892595,1.2525910261655637,False,False,False,,,,,,,,,,
M,5m,True,internal,-1,9262,9264,2025-07-25 21:05:00,3016.0,3023.0,3016.0,3023.0,False,5,False,9471,2025-07-30 21:00:00,2025-07-30 21:05:00,True,M:5m:1:-1:9262:9264:5,M:9471,4,True,True,False,2,0,4,4,0,False,9472,2025-07-30 21:05:00,3019.0,0.0,5.189724566578423,1.348819173387286,False,False,False,,,,,,,,,,
M,5m,True,internal,-1,9262,9264,2025-07-25 21:05:00,3016.0,3023.0,3016.0,3023.0,False,6,False,9478,2025-07-30 21:35:00,2025-07-30 21:40:00,True,M:5m:1:-1:9262:9264:6,M:9478,2,True,True,False,2,0,2,2,0,False,9479,2025-07-30 21:40:00,3017.0,0.0,5.238680911235659,1.3362142338134686,False,False,False,2025-07-30 21:30:00,10.0,-0.0027694054466359712,0.0008198355508107031,0.003830107622494119,0.00659951306913009,0.5126353790613718,False,False,0.0
M,5m,True,internal,-1,9262,9264,2025-07-25 21:05:00,3016.0,3023.0,3016.0,3023.0,False,7,False,9499,2025-07-31 09:20:00,2025-07-31 09:25:00,True,M:5m:1:-1:9262:9264:7,M:9499,1,True,False,False,1,0,1,1,0,False,9500,2025-07-31 09:25:00,3010.0,0.0,5.449333508157551,1.2845607613336805,False,False,False,2025-07-31 09:15:00,10.0,-0.003411093821642164,0.0002532605118921036,0.0035441919295486585,0.0069552857511908225,0.6197352587244284,False,False,0.0
M,5m,True,internal,-1,9262,9264,2025-07-25 21:05:00,3016.0,3023.0,3016.0,3023.0,False,8,False,9501,2025-07-31 09:30:00,2025-07-31 09:35:00,True,M:5m:1:-1:9262:9264:8,M:9501,1,True,False,False,1,0,1,1,0,False,9502,2025-07-31 09:35:00,3016.0,0.0,5.458864096319521,1.2823180567399626,False,False,False,,,,,,,,,,
M,5m,True,internal,-1,9262,9264,2025-07-25 21:05:00,3016.0,3023.0,3016.0,3023.0,False,9,False,9567,2025-08-01 09:15:00,2025-08-01 09:20:00,True,M:5m:1:-1:9262:9264:9,M:9567,3,True,True,False,2,0,3,3,0,False,9568,2025-08-01 09:20:00,3017.0,0.0,5.47922406743355,1.2775531560399895,False,False,False,2025-08-01 09:15:00,5.0,-0.003609573867147374,8.384534608043407e-05,0.0039350917029309755,0.00754466557007835,0.7713598074608905,True,False,0.0
M,5m,True,internal,-1,9262,9264,2025-07-25 21:05:00,3016.0,3023.0,3016.0,3023.0,False,10,False,9577,2025-08-01 10:05:00,2025-08-01 10:10:00,True,M:5m:1:-1:9262:9264:10,M:9577,2,True,True,False,2,0,2,2,0,False,9578,2025-08-01 10:10:00,3015.0,0.0,5.095735724368656,1.3736976127951133,False,False,False,,,,,,,,,,
M,5m,True,internal,-1,9262,9264,2025-07-25 21:05:00,3016.0,3023.0,3016.0,3023.0,False,11,False,9612,2025-08-01 21:15:00,2025-08-01 21:20:00,True,M:5m:1:-1:9262:9264:11,M:9612,4,True,True,False,2,0,4,4,0,False,9613,2025-08-01 21:20:00,3020.0,0.0,4.776250221731217,1.465584857374318,False,False,False,2025-08-01 21:15:00,5.0,-0.003218196147119582,-9.415660083388331e-06,0.003340161641158419,0.006558357788278001,0.4969915764139591,False,False,0.0
M,5m,True,internal,1,9269,9281,2025-07-25 22:30:00,3011.0,3014.0,3011.0,3014.0,False,1,True,9282,2025-07-25 22:30:00,2025-07-25 22:35:00,True,M:5m:1:1:9269:9281:1,M:9282,1,True,False,False,1,1,0,1,0,False,9283,2025-07-25 22:35:00,3015.0,0.0,4.60426492116487,0.6515698056837715,False,False,False,,,,,,,,,,
M,5m,True,internal,-1,9282,9284,2025-07-25 22:45:00,3014.0,3022.0,3014.0,3022.0,False,1,True,9433,2025-07-30 09:35:00,2025-07-30 09:40:00,True,M:5m:1:-1:9282:9284:1,M:9433,1,True,False,False,1,0,1,1,0,False,9434,2025-07-30 09:40:00,3011.0,0.0,5.682423538005613,1.4078500038748956,False,False,False,,,,,,,,,,
M,5m,True,internal,-1,9282,9284,2025-07-25 22:45:00,3014.0,3022.0,3014.0,3022.0,False,2,False,9454,2025-07-30 13:35:00,2025-07-30 13:40:00,True,M:5m:1:-1:9282:9284:2,M:9454,1,True,False,False,1,0,1,1,0,False,9455,2025-07-30 13:40:00,3013.0,0.0,4.898606893682228,1.6331173685967053,False,False,False,,,,,,,,,,
M,5m,True,internal,-1,9282,9284,2025-07-25 22:45:00,3014.0,3022.0,3014.0,3022.0,False,3,False,9465,2025-07-30 14:30:00,2025-07-30 14:35:00,True,M:5m:1:-1:9282:9284:3,M:9465,1,True,False,False,1,0,1,1,0,False,9466,2025-07-30 14:35:00,3010.0,0.0,4.781091183458187,1.673258194212803,False,False,False,,,,,,,,,,
M,5m,True,internal,-1,9282,9284,2025-07-25 22:45:00,3014.0,3022.0,3014.0,3022.0,False,4,False,9471,2025-07-30 21:00:00,2025-07-30 21:05:00,True,M:5m:1:-1:9282:9284:4,M:9471,4,True,True,False,2,0,4,4,0,False,9472,2025-07-30 21:05:00,3019.0,0.0,5.189724566578423,1.5415076267283268,False,False,False,,,,,,,,,,
M,5m,True,internal,-1,9282,9284,2025-07-25 22:45:00,3014.0,3022.0,3014.0,3022.0,False,5,False,9476,2025-07-30 21:25:00,2025-07-30 21:30:00,True,M:5m:1:-1:9282:9284:5,M:9476,2,True,True,False,2,0,2,2,0,False,9477,2025-07-30 21:30:00,3010.0,0.0,5.193973127823605,1.54024670577227,False,False,False,2025-07-30 21:30:00,0.0,-0.0027694054466359712,0.0008198355508107031,0.003830107622494119,0.00659951306913009,0.5126353790613718,False,False,0.0
M,5m,True,internal,-1,9282,9284,2025-07-25 22:45:00,3014.0,3022.0,3014.0,3022.0,False,6,False,9496,2025-07-31 09:05:00,2025-07-31 09:10:00,True,M:5m:1:-1:9282:9284:6,M:9496,2,True,False,False,1,0,2,2,0,False,9497,2025-07-31 09:10:00,3009.0,0.0,5.554834386155813,1.4401869513766634,False,False,False,,,,,,,,,,
M,5m,True,internal,-1,9282,9284,2025-07-25 22:45:00,3014.0,3022.0,3014.0,3022.0,False,7,False,9498,2025-07-31 09:15:00,2025-07-31 09:20:00,True,M:5m:1:-1:9282:9284:7,M:9498,2,True,True,False,2,0,2,2,0,False,9499,2025-07-31 09:20:00,3014.0,0.0,5.406974547246593,1.4795704936458154,False,False,False,2025-07-31 09:15:00,5.0,-0.003411093821642164,0.0002532605118921036,0.0035441919295486585,0.0069552857511908225,0.6197352587244284,False,False,0.0
M,5m,True,internal,-1,9282,9284,2025-07-25 22:45:00,3014.0,3022.0,3014.0,3022.0,False,8,False,9567,2025-08-01 09:15:00,2025-08-01 09:20:00,True,M:5m:1:-1:9282:9284:8,M:9567,3,True,True,False,2,0,3,3,0,False,9568,2025-08-01 09:20:00,3017.0,0.0,5.47922406743355,1.460060749759988,False,False,False,2025-08-01 09:15:00,5.0,-0.003609573867147374,8.384534608043407e-05,0.0039350917029309755,0.00754466557007835,0.7713598074608905,True,False,0.0
M,5m,True,internal,-1,9282,9284,2025-07-25 22:45:00,3014.0,3022.0,3014.0,3022.0,False,9,False,9609,2025-08-01 21:00:00,2025-08-01 21:05:00,True,M:5m:1:-1:9282:9284:9,M:9609,1,True,False,False,1,0,1,1,0,False,9610,2025-08-01 21:05:00,3014.0,0.0,4.339112702972443,1.843694908989048,False,False,False,,,,,,,,,,
M,5m,True,internal,-1,9282,9284,2025-07-25 22:45:00,3014.0,3022.0,3014.0,3022.0,False,10,False,9612,2025-08-01 21:15:00,2025-08-01 21:20:00,True,M:5m:1:-1:9282:9284:10,M:9612,4,True,True,False,2,0,4,4,0,False,9613,2025-08-01 21:20:00,3020.0,0.0,4.776250221731217,1.6749541227135063,False,False,False,2025-08-01 21:15:00,5.0,-0.003218196147119582,-9.415660083388331e-06,0.003340161641158419,0.006558357788278001,0.4969915764139591,False,False,0.0
M,5m,False,swing,-1,9197,9288,2025-07-28 09:05:00,3032.0,3038.0,3032.0,3038.0,False,1,True,9635,2025-08-04 09:10:00,2025-08-04 09:15:00,True,M:5m:0:-1:9197:9288:1,M:9635,1,True,False,False,1,0,1,1,0,False,9636,2025-08-04 09:15:00,3034.0,0.0,4.95274188524711,1.2114501702324507,False,False,False,2025-08-04 09:15:00,0.0,-0.0039717042642431425,3.2524513527711364e-05,0.0037842916758096534,0.007755995940052796,0.8134777376654633,True,False,0.0
M,5m,False,swing,-1,9197,9288,2025-07-28 09:05:00,3032.0,3038.0,3032.0,3038.0,False,2,False,9639,2025-08-04 09:30:00,2025-08-04 09:35:00,True,M:5m:0:-1:9197:9288:2,M:9639,2,True,False,False,1,0,2,2,0,False,9640,2025-08-04 09:35:00,3031.0,0.0,5.283352274691346,1.1356426162876903,False,False,False,,,,,,,,,,
M,5m,False,swing,-1,9197,9288,2025-07-28 09:05:00,3032.0,3038.0,3032.0,3038.0,False,3,False,9649,2025-08-04 10:35:00,2025-08-04 10:40:00,True,M:5m:0:-1:9197:9288:3,M:9649,1,True,False,False,1,0,1,1,0,False,9650,2025-08-04 10:40:00,3032.0,0.0,4.917287336295237,1.2201849494767365,False,False,False,,,,,,,,,,
M,5m,False,swing,-1,9197,9288,2025-07-28 09:05:00,3032.0,3038.0,3032.0,3038.0,False,4,False,9686,2025-08-04 21:40:00,2025-08-04 21:45:00,True,M:5m:0:-1:9197:9288:4,M:9686,1,True,False,False,1,0,1,1,0,False,9687,2025-08-04 21:45:00,3029.0,0.0,4.420539734731182,1.3573003207864767,False,False,False,2025-08-04 21:45:00,0.0,-0.0026805906659113773,0.00022000911205737923,0.002865222380854351,0.005545813046765729,0.12515042117930206,False,False,0.0
M,5m,False,swing,-1,9197,9288,2025-07-28 09:05:00,3032.0,3038.0,3032.0,3038.0,False,5,False,9690,2025-08-04 22:00:00,2025-08-04 22:05:00,True,M:5m:0:-1:9197:9288:5,M:9690,1,True,False,False,1,0,1,1,0,False,9691,2025-08-04 22:05:00,3033.0,0.0,4.275146693139768,1.4034606133230623,False,False,False,2025-08-04 22:00:00,5.0,-0.0026113040884965326,0.0004064493102533259,0.003048936872482795,0.005660240960979328,0.15764139590854392,False,False,0.0
M,5m,True,internal,-1,9296,9310,2025-07-28 11:10:00,2999.0,3006.0,2999.0,3006.0,False,1,True,9406,2025-07-29 21:20:00,2025-07-29 21:25:00,True,M:5m:1:-1:9296:9310:1,M:9406,2,True,True,False,2,0,2,2,0,False,9407,2025-07-29 21:25:00,2999.0,0.0,4.47844878926573,1.5630412067629547,False,False,False,2025-07-29 21:15:00,10.0,-0.0034612385157332783,-0.00046852371593416366,0.003155994206908288,0.006617232722641566,0.5174488567990373,False,False,0.0
M,5m,True,internal,-1,9296,9310,2025-07-28 11:10:00,2999.0,3006.0,2999.0,3006.0,False,2,False,9426,2025-07-30 09:00:00,2025-07-30 09:05:00,True,M:5m:1:-1:9296:9310:2,M:9426,2,True,True,False,2,0,2,2,0,False,9427,2025-07-30 09:05:00,2999.0,0.0,4.448326585204378,1.5736254669975822,False,False,False,,,,,,,,,,
M,5m,True,internal,-1,9324,9329,2025-07-28 14:45:00,2990.0,2997.0,2990.0,2997.0,False,1,True,9404,2025-07-29 21:10:00,2025-07-29 21:15:00,True,M:5m:1:-1:9324:9329:1,M:9404,1,True,False,False,1,0,1,1,0,False,9405,2025-07-29 21:15:00,2992.0,0.0,4.229443566249013,1.6550640504722762,False,False,False,2025-07-29 21:15:00,0.0,-0.0034612385157332783,-0.00046852371593416366,0.003155994206908288,0.006617232722641566,0.5174488567990373,False,False,0.0
M,5m,True,internal,-1,9348,9357,2025-07-29 09:05:00,2985.0,2989.0,2985.0,2989.0,False,1,True,9402,2025-07-29 21:00:00,2025-07-29 21:05:00,True,M:5m:1:-1:9348:9357:1,M:9402,1,True,False,False,1,0,1,1,0,False,9403,2025-07-29 21:05:00,2989.0,0.0,4.023496680383471,0.9941601342687745,False,False,False,,,,,,,,,,
M,5m,True,internal,1,9375,9386,2025-07-29 13:45:00,2964.0,2970.0,2964.0,2970.0,False,1,True,12111,2025-09-22 22:30:00,2025-09-22 22:35:00,True,M:5m:1:1:9375:9386:1,M:12111,4,True,True,False,2,4,0,4,0,False,12112,2025-09-22 22:35:00,2969.0,0.0,5.8795718434009325,1.0204824704598572,False,False,False,,,,,,,,,,
M,5m,True,internal,1,9375,9386,2025-07-29 13:45:00,2964.0,2970.0,2964.0,2970.0,False,2,False,12117,2025-09-23 09:00:00,2025-09-23 09:05:00,True,M:5m:1:1:9375:9386:2,M:12117,6,True,True,True,3,6,0,6,0,False,12118,2025-09-23 09:05:00,2964.0,0.0,6.783915541392486,0.8844449733182296,True,False,True,,,,,,,,,,
M,5m,True,internal,1,9417,9432,2025-07-30 09:35:00,2987.0,2991.0,2987.0,2991.0,False,1,True,9523,2025-07-31 13:35:00,2025-07-31 13:40:00,True,M:5m:1:1:9417:9432:1,M:9523,1,True,False,False,1,1,0,1,0,False,9524,2025-07-31 13:40:00,2995.0,0.0,5.504172105539571,0.726721462065889,True,False,True,,,,,,,,,,
M,5m,True,internal,-1,9478,9492,2025-07-30 22:50:00,3013.0,3019.0,3013.0,3019.0,False,1,True,9496,2025-07-31 09:05:00,2025-07-31 09:10:00,True,M:5m:1:-1:9478:9492:1,M:9496,2,True,False,False,1,0,2,2,0,False,9497,2025-07-31 09:10:00,3009.0,0.0,5.554834386155813,1.0801402135324976,False,False,False,,,,,,,,,,
M,5m,True,internal,-1,9478,9492,2025-07-30 22:50:00,3013.0,3019.0,3013.0,3019.0,False,2,False,9556,2025-07-31 22:20:00,2025-07-31 22:25:00,True,M:5m:1:-1:9478:9492:2,M:9556,1,True,False,False,1,0,1,1,0,False,9557,2025-07-31 22:25:00,3012.0,0.0,4.69765943744977,1.277231795938199,False,False,False,,,,,,,,,,
M,5m,True,internal,-1,9478,9492,2025-07-30 22:50:00,3013.0,3019.0,3013.0,3019.0,False,3,False,9566,2025-08-01 09:10:00,2025-08-01 09:15:00,True,M:5m:1:-1:9478:9492:3,M:9566,2,True,True,False,2,0,2,2,0,False,9567,2025-08-01 09:15:00,3010.0,0.0,5.2853182264669,1.1352201973296974,False,False,False,2025-08-01 09:15:00,0.0,-0.003609573867147374,8.384534608043407e-05,0.0039350917029309755,0.00754466557007835,0.7713598074608905,True,False,0.0
M,5m,True,internal,-1,9514,9522,2025-07-31 13:35:00,3005.0,3010.0,3005.0,3010.0,False,1,True,9554,2025-07-31 22:10:00,2025-07-31 22:15:00,True,M:5m:1:-1:9514:9522:1,M:9554,1,True,False,False,1,0,1,1,0,False,9555,2025-07-31 22:15:00,3007.0,0.0,4.572433430415118,1.093509632472892,False,False,False,,,,,,,,,,
M,5m,True,internal,1,9546,9554,2025-07-31 22:15:00,2997.0,3004.0,2997.0,3004.0,False,1,True,9557,2025-07-31 22:25:00,2025-07-31 22:30:00,True,M:5m:1:1:9546:9554:1,M:9557,1,True,False,False,1,1,0,1,0,False,9558,2025-07-31 22:30:00,3005.0,0.0,5.076398049060502,1.3789304803029587,False,False,False,,,,,,,,,,
M,5m,True,internal,1,9546,9554,2025-07-31 22:15:00,2997.0,3004.0,2997.0,3004.0,False,2,False,9578,2025-08-01 10:10:00,2025-08-01 10:15:00,True,M:5m:1:1:9546:9554:2,M:9578,1,True,False,False,1,1,0,1,0,False,9579,2025-08-01 10:30:00,3006.0,15.0,5.6603260297708955,1.2366778809529684,False,False,False,,,,,,,,,,
M,5m,True,internal,1,9563,9567,2025-08-01 09:20:00,2997.0,3002.0,2997.0,3002.0,False,1,True,9581,2025-08-01 10:40:00,2025-08-01 10:45:00,True,M:5m:1:1:9563:9567:1,M:9581,1,True,False,False,1,1,0,1,0,False,9582,2025-08-01 10:45:00,3002.0,0.0,5.46236745167881,0.9153540189727247,False,False,False,,,,,,,,,,
M,5m,False,swing,1,9540,9631,2025-08-01 22:55:00,2989.0,2996.0,2989.0,2996.0,False,1,True,11916,2025-09-18 09:30:00,2025-09-18 09:35:00,True,M:5m:0:1:9540:9631:1,M:11916,1,True,False,False,1,1,0,1,0,False,11917,2025-09-18 09:35:00,2994.0,0.0,4.258650097849963,1.6437133455819826,False,False,False,,,,,,,,,,
M,5m,False,swing,1,9540,9631,2025-08-01 22:55:00,2989.0,2996.0,2989.0,2996.0,False,2,False,11922,2025-09-18 10:00:00,2025-09-18 10:05:00,True,M:5m:0:1:9540:9631:2,M:11922,1,True,False,False,1,1,0,1,0,False,11923,2025-09-18 10:05:00,2996.0,0.0,4.268320733196985,1.639989222355598,False,False,False,,,,,,,,,,
M,5m,True,internal,1,9619,9633,2025-08-04 09:05:00,3010.0,3013.0,3010.0,3013.0,False,1,True,9771,2025-08-06 09:00:00,2025-08-06 09:05:00,True,M:5m:1:1:9619:9633:1,M:9771,2,True,False,True,2,2,0,2,0,False,9772,2025-08-06 09:05:00,3015.0,0.0,5.542693372954136,0.5412531053293798,True,False,True,,,,,,,,,,
M,5m,True,internal,-1,9650,9654,2025-08-04 11:05:00,3025.0,3033.0,3025.0,3033.0,False,1,True,9668,2025-08-04 14:10:00,2025-08-04 14:15:00,True,M:5m:1:-1:9650:9654:1,M:9668,2,True,False,True,2,0,2,2,0,False,9669,2025-08-04 14:15:00,3021.0,0.0,4.547976935799927,1.7590238721368778,False,False,False,,,,,,,,,,
M,5m,True,internal,-1,9650,9654,2025-08-04 11:05:00,3025.0,3033.0,3025.0,3033.0,False,2,False,9672,2025-08-04 14:30:00,2025-08-04 14:35:00,True,M:5m:1:-1:9650:9654:2,M:9672,2,True,False,True,2,0,2,2,0,False,9673,2025-08-04 14:35:00,3025.0,0.0,4.222297200733594,1.8947031958361569,False,False,False,,,,,,,,,,
M,5m,True,internal,-1,9650,9654,2025-08-04 11:05:00,3025.0,3033.0,3025.0,3033.0,False,3,False,9678,2025-08-04 21:00:00,2025-08-04 21:05:00,True,M:5m:1:-1:9650:9654:3,M:9678,2,True,False,True,2,0,2,2,0,False,9679,2025-08-04 21:05:00,3022.0,0.0,3.74468773762098,2.136359707547322,False,False,False,,,,,,,,,,
M,5m,True,internal,-1,9650,9654,2025-08-04 11:05:00,3025.0,3033.0,3025.0,3033.0,False,4,False,9684,2025-08-04 21:30:00,2025-08-04 21:35:00,True,M:5m:1:-1:9650:9654:4,M:9684,2,True,False,True,2,0,2,2,0,False,9685,2025-08-04 21:35:00,3022.0,0.0,4.067608213061016,1.9667577556540834,False,False,False,2025-08-04 21:30:00,5.0,-0.002771090173859704,0.00034922059891516005,0.003045216152275143,0.005816306326134847,0.20336943441636582,False,False,0.0
M,5m,True,internal,1,9682,9686,2025-08-04 21:45:00,3016.0,3020.0,3016.0,3020.0,False,1,True,9721,2025-08-05 10:50:00,2025-08-05 10:55:00,True,M:5m:1:1:9682:9686:1,M:9721,3,True,True,False,2,3,0,3,0,False,9722,2025-08-05 10:55:00,3022.0,0.0,5.316123857696143,0.7524279168569799,False,False,False,,,,,,,,,,
M,5m,True,internal,1,9682,9686,2025-08-04 21:45:00,3016.0,3020.0,3016.0,3020.0,False,2,False,9724,2025-08-05 11:05:00,2025-08-05 11:10:00,True,M:5m:1:1:9682:9686:2,M:9724,2,True,False,False,1,2,0,2,0,False,9725,2025-08-05 11:10:00,3023.0,0.0,4.849680800057736,0.8247965515487905,False,False,False,,,,,,,,,,
M,5m,True,internal,1,9682,9686,2025-08-04 21:45:00,3016.0,3020.0,3016.0,3020.0,False,3,False,9729,2025-08-05 13:30:00,2025-08-05 13:35:00,True,M:5m:1:1:9682:9686:3,M:9729,2,True,False,False,1,2,0,2,0,False,9730,2025-08-05 13:35:00,3024.0,0.0,4.700417856577314,0.8509881721266086,False,False,False,,,,,,,,,,
M,5m,True,internal,1,9682,9686,2025-08-04 21:45:00,3016.0,3020.0,3016.0,3020.0,False,4,False,9738,2025-08-05 14:15:00,2025-08-05 14:20:00,True,M:5m:1:1:9682:9686:4,M:9738,2,True,False,False,1,2,0,2,0,False,9739,2025-08-05 14:20:00,3021.0,0.0,4.148878341454326,0.9641160021573111,False,False,False,,,,,,,,,,
M,5m,True,internal,1,9682,9686,2025-08-04 21:45:00,3016.0,3020.0,3016.0,3020.0,False,5,False,9742,2025-08-05 14:35:00,2025-08-05 14:40:00,True,M:5m:1:1:9682:9686:5,M:9742,3,True,True,False,2,3,0,3,0,False,9743,2025-08-05 14:40:00,3019.0,0.0,4.124924883128827,0.9697146283463787,False,False,False,,,,,,,,,,
M,5m,True,internal,1,9682,9686,2025-08-04 21:45:00,3016.0,3020.0,3016.0,3020.0,False,6,False,9768,2025-08-05 22:45:00,2025-08-05 22:50:00,True,M:5m:1:1:9682:9686:6,M:9768,2,True,False,False,1,2,0,2,0,False,9769,2025-08-05 22:50:00,3022.0,0.0,4.982317075733341,0.8028393093410751,False,False,False,,,,,,,,,,
M,5m,False,swing,1,9666,9698,2025-08-04 22:45:00,3015.0,3020.0,3015.0,3020.0,False,1,True,9721,2025-08-05 10:50:00,2025-08-05 10:55:00,True,M:5m:0:1:9666:9698:1,M:9721,3,True,True,False,2,3,0,3,0,False,9722,2025-08-05 10:55:00,3022.0,0.0,5.316123857696143,0.9405348960712248,False,False,False,,,,,,,,,,
M,5m,False,swing,1,9666,9698,2025-08-04 22:45:00,3015.0,3020.0,3015.0,3020.0,False,2,False,9724,2025-08-05 11:05:00,2025-08-05 11:10:00,True,M:5m:0:1:9666:9698:2,M:9724,2,True,False,False,1,2,0,2,0,False,9725,2025-08-05 11:10:00,3023.0,0.0,4.849680800057736,1.0309956894359882,False,False,False,,,,,,,,,,
M,5m,False,swing,1,9666,9698,2025-08-04 22:45:00,3015.0,3020.0,3015.0,3020.0,False,3,False,9729,2025-08-05 13:30:00,2025-08-05 13:35:00,True,M:5m:0:1:9666:9698:3,M:9729,2,True,False,False,1,2,0,2,0,False,9730,2025-08-05 13:35:00,3024.0,0.0,4.700417856577314,1.0637352151582609,False,False,False,,,,,,,,,,
M,5m,False,swing,1,9666,9698,2025-08-04 22:45:00,3015.0,3020.0,3015.0,3020.0,False,4,False,9738,2025-08-05 14:15:00,2025-08-05 14:20:00,True,M:5m:0:1:9666:9698:4,M:9738,2,True,False,False,1,2,0,2,0,False,9739,2025-08-05 14:20:00,3021.0,0.0,4.148878341454326,1.2051450026966388,False,False,False,,,,,,,,,,
M,5m,False,swing,1,9666,9698,2025-08-04 22:45:00,3015.0,3020.0,3015.0,3020.0,False,5,False,9742,2025-08-05 14:35:00,2025-08-05 14:40:00,True,M:5m:0:1:9666:9698:5,M:9742,3,True,True,False,2,3,0,3,0,False,9743,2025-08-05 14:40:00,3019.0,0.0,4.124924883128827,1.2121432854329734,False,False,False,,,,,,,,,,
M,5m,False,swing,1,9666,9698,2025-08-04 22:45:00,3015.0,3020.0,3015.0,3020.0,False,6,False,9768,2025-08-05 22:45:00,2025-08-05 22:50:00,True,M:5m:0:1:9666:9698:6,M:9768,2,True,False,False,1,2,0,2,0,False,9769,2025-08-05 22:50:00,3022.0,0.0,4.982317075733341,1.0035491366763438,False,False,False,,,,,,,,,,
M,5m,True,internal,-1,9714,9716,2025-08-05 10:15:00,3038.0,3046.0,3038.0,3046.0,False,1,True,9747,2025-08-05 21:00:00,2025-08-05 21:05:00,True,M:5m:1:-1:9714:9716:1,M:9747,1,True,False,False,1,0,1,1,0,False,9748,2025-08-05 21:05:00,3032.0,0.0,5.0432924797546255,1.5862653280797288,False,False,False,,,,,,,,,,
M,5m,True,internal,-1,9714,9716,2025-08-05 10:15:00,3038.0,3046.0,3038.0,3046.0,False,2,False,9752,2025-08-05 21:25:00,2025-08-05 21:30:00,True,M:5m:1:-1:9714:9716:2,M:9752,1,True,False,False,1,0,1,1,0,False,9753,2025-08-05 21:30:00,3038.0,0.0,4.795712342114771,1.6681567678165263,False,False,False,2025-08-05 21:30:00,0.0,-0.0031426528238455726,0.00039835081442176723,0.0038700171263021743,0.007012669950147747,0.6353790613718412,False,False,0.0
M,5m,True,internal,-1,9714,9716,2025-08-05 10:15:00,3038.0,3046.0,3038.0,3046.0,False,3,False,9885,2025-08-07 21:00:00,2025-08-07 21:05:00,True,M:5m:1:-1:9714:9716:3,M:9885,3,True,True,False,2,0,3,3,0,False,9886,2025-08-07 21:05:00,3044.0,0.0,4.440790318720893,1.8014811386781007,False,False,False,,,,,,,,,,
M,5m,True,internal,1,9748,9756,2025-08-05 21:50:00,3031.0,3035.0,3031.0,3035.0,False,1,True,9762,2025-08-05 22:15:00,2025-08-05 22:20:00,True,M:5m:1:1:9748:9756:1,M:9762,1,True,False,False,1,1,0,1,0,False,9763,2025-08-05 22:20:00,3036.0,0.0,4.914307731080495,0.813949841745163,False,False,False,,,,,,,,,,
M,5m,True,internal,-1,9760,9766,2025-08-05 22:40:00,3043.0,3046.0,3043.0,3046.0,False,1,True,9885,2025-08-07 21:00:00,2025-08-07 21:05:00,True,M:5m:1:-1:9760:9766:1,M:9885,3,True,True,False,2,0,3,3,0,False,9886,2025-08-07 21:05:00,3044.0,0.0,4.440790318720893,0.6755554270042877,False,False,False,,,,,,,,,,
M,5m,True,internal,1,9787,9810,2025-08-06 14:35:00,3017.0,3024.0,3017.0,3024.0,False,1,True,9813,2025-08-06 14:45:00,2025-08-06 14:50:00,True,M:5m:1:1:9787:9810:1,M:9813,1,True,False,False,1,1,0,1,0,False,9814,2025-08-06 14:50:00,3026.0,0.0,4.24831244392169,1.6477130842895773,False,False,False,,,,,,,,,,
M,5m,True,internal,1,9787,9810,2025-08-06 14:35:00,3017.0,3024.0,3017.0,3024.0,False,2,False,9818,2025-08-06 21:10:00,2025-08-06 21:15:00,True,M:5m:1:1:9787:9810:2,M:9818,1,True,False,False,1,1,0,1,0,False,9819,2025-08-06 21:15:00,3025.0,0.0,4.408434120160157,1.5878653982801703,False,False,False,2025-08-06 21:15:00,0.0,-0.002663449709055395,0.00015931453170363332,0.0032211242213290173,0.0058845739303844125,0.23345367027677497,False,False,0.0
M,5m,True,internal,-1,9812,9837,2025-08-06 22:50:00,3027.0,3034.0,3027.0,3034.0,False,1,True,9875,2025-08-07 14:10:00,2025-08-07 14:15:00,True,M:5m:1:-1:9812:9837:1,M:9875,2,True,True,False,2,0,2,2,0,False,9876,2025-08-07 14:15:00,3027.0,0.0,3.9977527043675574,1.7509837445303904,False,False,False,,,,,,,,,,
M,5m,True,internal,1,9863,9871,2025-08-07 13:55:00,3015.0,3017.0,3015.0,3017.0,False,1,True,11845,2025-09-17 09:20:00,2025-09-17 09:25:00,True,M:5m:1:1:9863:9871:1,M:11845,5,True,True,True,3,5,0,5,0,False,11846,2025-09-17 09:25:00,3024.0,0.0,5.182473816232471,0.3859160838855815,False,False,False,2025-09-17 09:15:00,10.0,-0.0034214694772029914,-0.00013704161117916405,0.0030060668983029554,0.006427536375505947,0.5651392632524708,False,False,1.0
M,5m,True,internal,1,9863,9871,2025-08-07 13:55:00,3015.0,3017.0,3015.0,3017.0,False,2,False,11847,2025-09-17 09:30:00,2025-09-17 09:35:00,True,M:5m:1:1:9863:9871:2,M:11847,1,True,False,False,1,1,0,1,0,False,11848,2025-09-17 09:35:00,3019.0,0.0,5.1573371170575895,0.3877970267611783,False,False,False,,,,,,,,,,
M,5m,True,internal,1,9863,9871,2025-08-07 13:55:00,3015.0,3017.0,3015.0,3017.0,False,3,False,11849,2025-09-17 09:40:00,2025-09-17 09:45:00,True,M:5m:1:1:9863:9871:3,M:11849,1,True,False,False,1,1,0,1,0,False,11850,2025-09-17 09:45:00,3018.0,0.0,5.40607128970782,0.36995442583371724,False,False,False,,,,,,,,,,
M,5m,False,swing,1,9855,9885,2025-08-07 21:05:00,3006.0,3012.0,3006.0,3012.0,False,1,True,11853,2025-09-17 10:00:00,2025-09-17 10:05:00,True,M:5m:0:1:9855:9885:1,M:11853,1,True,False,False,1,1,0,1,0,False,11854,2025-09-17 10:05:00,3011.0,0.0,5.39740738508291,1.1116448272151007,False,False,False,,,,,,,,,,
M,5m,True,internal,1,9900,9905,2025-08-07 22:45:00,3033.0,3038.0,3033.0,3038.0,False,1,True,9916,2025-08-08 09:35:00,2025-08-08 09:40:00,True,M:5m:1:1:9900:9905:1,M:9916,1,True,False,False,1,1,0,1,0,False,9917,2025-08-08 09:40:00,3040.0,0.0,4.054245952182726,1.233274956421452,False,False,False,,,,,,,,,,
M,5m,True,internal,1,9931,9939,2025-08-08 13:50:00,3032.0,3036.0,3032.0,3036.0,False,1,True,10005,2025-08-11 13:30:00,2025-08-11 13:35:00,True,M:5m:1:1:9931:9939:1,M:10005,5,True,True,True,3,5,0,5,0,False,10006,2025-08-11 13:35:00,3040.0,0.0,8.538517155227478,0.46846541703685723,False,False,False,,,,,,,,,,
M,5m,True,internal,1,9931,9939,2025-08-08 13:50:00,3032.0,3036.0,3032.0,3036.0,False,2,False,10896,2025-08-28 11:00:00,2025-08-28 11:05:00,True,M:5m:1:1:9931:9939:2,M:10896,3,True,True,True,3,3,0,3,0,False,10897,2025-08-28 11:05:00,3038.0,0.0,4.16932004802421,0.9593890499952267,False,False,False,,,,,,,,,,
M,5m,True,internal,1,9953,9954,2025-08-08 21:05:00,3042.0,3046.0,3042.0,3046.0,False,1,True,10005,2025-08-11 13:30:00,2025-08-11 13:35:00,True,M:5m:1:1:9953:9954:1,M:10005,5,True,True,True,3,5,0,5,0,False,10006,2025-08-11 13:35:00,3040.0,0.0,8.538517155227478,0.46846541703685723,True,True,False,,,,,,,,,,
M,5m,False,swing,1,9927,9954,2025-08-08 21:05:00,3031.0,3034.0,3031.0,3034.0,False,1,True,10005,2025-08-11 13:30:00,2025-08-11 13:35:00,True,M:5m:0:1:9927:9954:1,M:10005,5,True,True,True,3,5,0,5,0,False,10006,2025-08-11 13:35:00,3040.0,0.0,8.538517155227478,0.3513490627776429,False,False,False,,,,,,,,,,
M,5m,False,swing,1,9927,9954,2025-08-08 21:05:00,3031.0,3034.0,3031.0,3034.0,False,2,False,10898,2025-08-28 11:10:00,2025-08-28 11:15:00,True,M:5m:0:1:9927:9954:2,M:10898,1,True,False,False,1,1,0,1,0,False,10899,2025-08-28 11:15:00,3031.0,0.0,4.288852490388223,0.6994878016260342,False,False,False,,,,,,,,,,
M,5m,True,internal,1,9968,9973,2025-08-08 22:40:00,3083.0,3088.0,3083.0,3088.0,False,1,True,9978,2025-08-11 09:00:00,2025-08-11 09:05:00,True,M:5m:1:1:9968:9973:1,M:9978,1,True,False,False,1,1,0,1,0,False,9979,2025-08-11 09:05:00,3083.0,0.0,4.691863210674957,1.0656747171622498,True,False,True,,,,,,,,,,
M,5m,True,internal,1,9983,9986,2025-08-11 09:45:00,3083.0,3088.0,3083.0,3088.0,False,1,True,10004,2025-08-11 11:25:00,2025-08-11 11:30:00,True,M:5m:1:1:9983:9986:1,M:10004,1,True,False,False,1,1,0,1,0,False,10005,2025-08-11 13:30:00,3070.0,120.0,5.195326167168053,0.9624034832687849,False,False,False,,,,,,,,,,
M,5m,True,internal,-1,10003,10005,2025-08-11 13:35:00,3102.0,3106.0,3102.0,3106.0,False,1,True,10092,2025-08-12 21:00:00,2025-08-12 21:05:00,True,M:5m:1:-1:10003:10005:1,M:10092,11,True,True,True,3,0,11,11,0,False,10093,2025-08-12 21:05:00,3098.0,0.0,6.196146250535163,0.6455625542496707,True,False,True,,,,,,,,,,
M,5m,True,internal,1,10012,10017,2025-08-11 14:35:00,3052.0,3058.0,3052.0,3058.0,False,1,True,10033,2025-08-11 21:50:00,2025-08-11 21:55:00,True,M:5m:1:1:10012:10017:1,M:10033,1,True,False,False,1,1,0,1,0,False,10034,2025-08-11 21:55:00,3054.0,0.0,5.541891889748614,1.0826627655979348,False,False,False,2025-08-11 21:45:00,10.0,-0.002554315905286841,0.0002162994848015672,0.003357266546373687,0.005911582451660528,0.23826714801444043,False,False,0.0
M,5m,True,internal,1,10034,10058,2025-08-12 10:00:00,3051.0,3057.0,3051.0,3057.0,False,1,True,10785,2025-08-26 21:15:00,2025-08-26 21:20:00,True,M:5m:1:1:10034:10058:1,M:10785,1,True,False,False,1,1,0,1,0,False,10786,2025-08-26 21:20:00,3060.0,0.0,5.144461166882018,1.1663029043013482,False,False,False,2025-08-26 21:15:00,5.0,-0.00387408530383772,0.0008896348072060177,0.0054605146358369565,0.009334599939674677,0.9518652226233454,True,False,0.0
M,5m,True,internal,1,10034,10058,2025-08-12 10:00:00,3051.0,3057.0,3051.0,3057.0,False,2,False,10789,2025-08-26 21:35:00,2025-08-26 21:40:00,True,M:5m:1:1:10034:10058:2,M:10789,2,True,False,False,1,2,0,2,0,False,10790,2025-08-26 21:40:00,3056.0,0.0,4.874946777054283,1.2307826678726403,False,False,False,2025-08-26 21:30:00,10.0,-0.003502502433357296,0.00011864887616175013,0.0050787723334683,0.008581274766825596,0.9121540312876053,True,False,0.0
M,5m,True,internal,1,10034,10058,2025-08-12 10:00:00,3051.0,3057.0,3051.0,3057.0,False,3,False,10799,2025-08-26 22:25:00,2025-08-26 22:30:00,True,M:5m:1:1:10034:10058:3,M:10799,1,True,False,False,1,1,0,1,0,False,10800,2025-08-26 22:30:00,3057.0,0.0,4.600431405047766,1.3042255109850294,False,False,False,,,,,,,,,,
M,5m,True,internal,1,10062,10070,2025-08-12 11:15:00,3071.0,3076.0,3071.0,3076.0,False,1,True,10072,2025-08-12 11:20:00,2025-08-12 11:25:00,True,M:5m:1:1:10062:10070:1,M:10072,1,True,False,False,1,1,0,1,0,False,10073,2025-08-12 11:25:00,3079.0,0.0,3.7469386008457124,1.3344227201565197,False,False,False,,,,,,,,,,
M,5m,True,internal,1,10062,10070,2025-08-12 11:15:00,3071.0,3076.0,3071.0,3076.0,False,2,False,10782,2025-08-26 21:00:00,2025-08-26 21:05:00,True,M:5m:1:1:10062:10070:2,M:10782,2,True,False,True,2,2,0,2,0,False,10783,2025-08-26 21:05:00,3066.0,0.0,5.097133109660563,0.9809435799358531,True,True,False,,,,,,,,,,
M,5m,True,internal,1,10085,10093,2025-08-12 21:10:00,3084.0,3090.0,3084.0,3090.0,False,1,True,10100,2025-08-12 21:40:00,2025-08-12 21:45:00,True,M:5m:1:1:10085:10093:1,M:10100,1,True,False,False,1,1,0,1,0,False,10101,2025-08-12 21:45:00,3096.0,0.0,7.866561853925617,0.7627220266507972,False,False,False,2025-08-12 21:45:00,0.0,-0.0038373344984212465,-0.0007081314297687901,0.004266555469587259,0.008103889968008506,0.8676293622141997,True,False,0.0
M,5m,True,internal,1,10085,10093,2025-08-12 21:10:00,3084.0,3090.0,3084.0,3090.0,False,2,False,10115,2025-08-12 22:55:00,2025-08-12 23:00:00,True,M:5m:1:1:10085:10093:2,M:10115,1,True,False,False,1,1,0,1,0,False,10116,2025-08-13 09:00:00,3150.0,600.0,5.589884296419611,1.0733674762898175,False,False,False,,,,,,,,,,
M,5m,True,internal,1,10085,10093,2025-08-12 21:10:00,3084.0,3090.0,3084.0,3090.0,False,3,False,10600,2025-08-22 09:05:00,2025-08-22 09:10:00,True,M:5m:1:1:10085:10093:3,M:10600,3,True,True,False,2,3,0,3,0,False,10601,2025-08-22 09:10:00,3082.0,0.0,5.892174447210627,1.018299789620183,True,True,False,,,,,,,,,,
M,5m,False,swing,1,10007,10093,2025-08-12 21:10:00,3046.0,3054.0,3046.0,3054.0,False,1,True,10789,2025-08-26 21:35:00,2025-08-26 21:40:00,True,M:5m:0:1:10007:10093:1,M:10789,2,True,False,False,1,2,0,2,0,False,10790,2025-08-26 21:40:00,3056.0,0.0,4.874946777054283,1.6410435571635205,False,False,False,2025-08-26 21:30:00,10.0,-0.003502502433357296,0.00011864887616175013,0.0050787723334683,0.008581274766825596,0.9121540312876053,True,False,0.0
M,5m,False,swing,1,10007,10093,2025-08-12 21:10:00,3046.0,3054.0,3046.0,3054.0,False,2,False,10800,2025-08-26 22:30:00,2025-08-26 22:35:00,True,M:5m:0:1:10007:10093:2,M:10800,1,True,False,False,1,1,0,1,0,False,10801,2025-08-26 22:35:00,3053.0,0.0,4.700400590401498,1.701982596193287,False,False,False,,,,,,,,,,
M,5m,True,internal,1,10115,10116,2025-08-13 09:05:00,3090.0,3096.0,3090.0,3096.0,False,1,True,10580,2025-08-21 21:25:00,2025-08-21 21:30:00,True,M:5m:1:1:10115:10116:1,M:10580,1,True,False,False,1,1,0,1,0,False,10581,2025-08-21 21:30:00,3099.0,0.0,5.370224983101125,1.1172716262131723,False,False,False,2025-08-21 21:30:00,0.0,-0.003437644054831232,-9.1125063369742e-05,0.003223932143916776,0.006661576198748008,0.5379061371841155,False,False,0.0
M,5m,True,internal,1,10115,10116,2025-08-13 09:05:00,3090.0,3096.0,3090.0,3096.0,False,2,False,10583,2025-08-21 21:40:00,2025-08-21 21:45:00,True,M:5m:1:1:10115:10116:2,M:10583,2,True,True,False,2,2,0,2,0,False,10584,2025-08-21 21:45:00,3098.0,0.0,5.613842670507715,1.0687866319305597,False,False,False,2025-08-21 21:45:00,0.0,-0.0031434871255094816,0.00014066003111152451,0.0033058309973885286,0.00644931812289801,0.457280385078219,False,False,0.0
M,5m,True,internal,1,10115,10116,2025-08-13 09:05:00,3090.0,3096.0,3090.0,3096.0,False,3,False,10600,2025-08-22 09:05:00,2025-08-22 09:10:00,True,M:5m:1:1:10115:10116:3,M:10600,3,True,True,False,2,3,0,3,0,False,10601,2025-08-22 09:10:00,3082.0,0.0,5.892174447210627,1.018299789620183,True,True,False,,,,,,,,,,
M,5m,True,internal,-1,10149,10151,2025-08-13 14:15:00,3168.0,3172.0,3168.0,3172.0,False,1,True,10157,2025-08-13 14:40:00,2025-08-13 14:45:00,True,M:5m:1:-1:10149:10151:1,M:10157,1,True,False,False,1,0,1,1,0,False,10158,2025-08-13 14:45:00,3168.0,0.0,5.960246842987189,0.6711131443668964,False,False,False,,,,,,,,,,
M,5m,True,internal,-1,10149,10151,2025-08-13 14:15:00,3168.0,3172.0,3168.0,3172.0,False,2,False,10161,2025-08-13 21:00:00,2025-08-13 21:05:00,True,M:5m:1:-1:10149:10151:2,M:10161,1,True,False,False,1,0,1,1,0,False,10162,2025-08-13 21:05:00,3163.0,0.0,6.708470691445157,0.5962610830365436,False,False,False,,,,,,,,,,
M,5m,True,internal,-1,10149,10151,2025-08-13 14:15:00,3168.0,3172.0,3168.0,3172.0,False,3,False,10170,2025-08-13 21:45:00,2025-08-13 21:50:00,True,M:5m:1:-1:10149:10151:3,M:10170,1,True,False,False,1,0,1,1,0,False,10171,2025-08-13 21:50:00,3165.0,0.0,6.5033220347418315,0.6150702638791886,False,False,False,2025-08-13 21:45:00,5.0,-0.003680912131324956,-1.6534450879971662e-05,0.00297280684547505,0.006653718976800006,0.5342960288808665,False,False,0.0
M,5m,True,internal,-1,10149,10151,2025-08-13 14:15:00,3168.0,3172.0,3168.0,3172.0,False,4,False,10178,2025-08-13 22:25:00,2025-08-13 22:30:00,True,M:5m:1:-1:10149:10151:4,M:10178,1,True,False,False,1,0,1,1,0,False,10179,2025-08-13 22:30:00,3167.0,0.0,6.092376459725653,0.6565582456111264,False,False,False,,,,,,,,,,
M,5m,True,internal,-1,10149,10151,2025-08-13 14:15:00,3168.0,3172.0,3168.0,3172.0,False,5,False,10185,2025-08-14 09:00:00,2025-08-14 09:05:00,True,M:5m:1:-1:10149:10151:5,M:10185,1,True,False,False,1,0,1,1,0,False,10186,2025-08-14 09:05:00,3172.0,0.0,5.620273355617654,0.7117091548584313,True,False,True,,,,,,,,,,
M,5m,True,internal,1,10173,10185,2025-08-14 09:05:00,3151.0,3157.0,3151.0,3157.0,False,1,True,10212,2025-08-14 13:30:00,2025-08-14 13:35:00,True,M:5m:1:1:10173:10185:1,M:10212,1,True,False,False,1,1,0,1,0,False,10213,2025-08-14 13:35:00,3161.0,0.0,5.261363575684491,1.140388782050557,False,False,False,,,,,,,,,,
M,5m,True,internal,1,10173,10185,2025-08-14 09:05:00,3151.0,3157.0,3151.0,3157.0,False,2,False,10215,2025-08-14 13:45:00,2025-08-14 13:50:00,True,M:5m:1:1:10173:10185:2,M:10215,1,True,False,False,1,1,0,1,0,False,10216,2025-08-14 13:50:00,3157.0,0.0,5.295632571347969,1.1330091200932277,False,False,False,2025-08-14 13:45:00,5.0,-0.00310892879410971,-1.6421873029072013e-05,0.002805837845281427,0.005914766639391137,0.23826714801444043,False,False,0.0
M,5m,True,internal,1,10173,10185,2025-08-14 09:05:00,3151.0,3157.0,3151.0,3157.0,False,3,False,10220,2025-08-14 14:10:00,2025-08-14 14:15:00,True,M:5m:1:1:10173:10185:3,M:10220,1,True,False,False,1,1,0,1,0,False,10221,2025-08-14 14:15:00,3156.0,0.0,4.996629574569936,1.2008094477398648,False,False,False,,,,,,,,,,
M,5m,True,internal,1,10189,10197,2025-08-14 10:05:00,3169.0,3176.0,3169.0,3176.0,False,1,True,10200,2025-08-14 10:30:00,2025-08-14 10:35:00,True,M:5m:1:1:10189:10197:1,M:10200,1,True,False,False,1,1,0,1,0,False,10201,2025-08-14 10:35:00,3175.0,0.0,5.528559870878747,1.2661525177419073,False,False,False,,,,,,,,,,
M,5m,True,internal,-1,10198,10202,2025-08-14 10:45:00,3181.0,3185.0,3181.0,3185.0,False,1,True,19589,2026-03-13 11:10:00,2026-03-13 11:15:00,True,M:5m:1:-1:10198:10202:1,M:19589,3,True,True,False,2,0,3,3,0,False,19590,2026-03-13 11:15:00,3176.0,0.0,11.900598105983471,0.33611756017446304,False,False,False,,,,,,,,,,
M,5m,True,internal,-1,10198,10202,2025-08-14 10:45:00,3181.0,3185.0,3181.0,3185.0,False,2,False,19591,2026-03-13 11:20:00,2026-03-13 11:25:00,True,M:5m:1:-1:10198:10202:2,M:19591,2,True,False,False,1,0,2,2,0,False,19592,2026-03-13 11:25:00,3185.0,0.0,12.919393264853097,0.30961206288858045,True,False,True,,,,,,,,,,
M,5m,True,internal,-1,10224,10230,2025-08-14 21:05:00,3155.0,3158.0,3155.0,3158.0,False,1,True,10331,2025-08-18 09:40:00,2025-08-18 09:45:00,True,M:5m:1:-1:10224:10230:1,M:10331,2,True,False,True,2,0,2,2,0,False,10332,2025-08-18 09:45:00,3162.0,0.0,6.536745306276099,0.45894399421063903,True,True,False,,,,,,,,,,
M,5m,False,swing,-1,10198,10230,2025-08-14 21:05:00,3181.0,3185.0,3181.0,3185.0,False,1,True,19589,2026-03-13 11:10:00,2026-03-13 11:15:00,True,M:5m:0:-1:10198:10230:1,M:19589,3,True,True,False,2,0,3,3,0,False,19590,2026-03-13 11:15:00,3176.0,0.0,11.900598105983471,0.33611756017446304,False,False,False,,,,,,,,,,
M,5m,False,swing,-1,10198,10230,2025-08-14 21:05:00,3181.0,3185.0,3181.0,3185.0,False,2,False,19591,2026-03-13 11:20:00,2026-03-13 11:25:00,True,M:5m:0:-1:10198:10230:2,M:19591,2,True,False,False,1,0,2,2,0,False,19592,2026-03-13 11:25:00,3185.0,0.0,12.919393264853097,0.30961206288858045,True,False,True,,,,,,,,,,
M,5m,True,internal,-1,10233,10238,2025-08-14 21:45:00,3148.0,3153.0,3148.0,3153.0,False,1,True,10244,2025-08-14 22:10:00,2025-08-14 22:15:00,True,M:5m:1:-1:10233:10238:1,M:10244,1,True,False,False,1,0,1,1,0,False,10245,2025-08-14 22:15:00,3147.0,0.0,5.010361922139677,0.9979319014672593,False,False,False,,,,,,,,,,
M,5m,True,internal,-1,10233,10238,2025-08-14 21:45:00,3148.0,3153.0,3148.0,3153.0,False,2,False,10248,2025-08-14 22:30:00,2025-08-14 22:35:00,True,M:5m:1:-1:10233:10238:2,M:10248,1,True,False,False,1,0,1,1,0,False,10249,2025-08-14 22:35:00,3144.0,0.0,4.570464047746547,1.093980818526564,False,False,False,,,,,,,,,,
M,5m,True,internal,-1,10233,10238,2025-08-14 21:45:00,3148.0,3153.0,3148.0,3153.0,False,3,False,10251,2025-08-14 22:45:00,2025-08-14 22:50:00,True,M:5m:1:-1:10233:10238:3,M:10251,1,True,False,False,1,0,1,1,0,False,10252,2025-08-14 22:50:00,3147.0,0.0,4.328829997412232,1.1550465144135929,False,False,False,,,,,,,,,,
M,5m,True,internal,-1,10233,10238,2025-08-14 21:45:00,3148.0,3153.0,3148.0,3153.0,False,4,False,10254,2025-08-15 09:00:00,2025-08-15 09:05:00,True,M:5m:1:-1:10233:10238:4,M:10254,1,True,False,False,1,0,1,1,0,False,10255,2025-08-15 09:05:00,3148.0,0.0,5.033323434517009,0.9933794370756135,False,False,False,,,,,,,,,,
M,5m,True,internal,-1,10233,10238,2025-08-14 21:45:00,3148.0,3153.0,3148.0,3153.0,False,5,False,10299,2025-08-15 21:00:00,2025-08-15 21:05:00,True,M:5m:1:-1:10233:10238:5,M:10299,3,True,True,False,2,0,3,3,0,False,10300,2025-08-15 21:05:00,3144.0,0.0,4.615802904039836,1.0832351605879678,False,False,False,,,,,,,,,,
M,5m,True,internal,-1,10233,10238,2025-08-14 21:45:00,3148.0,3153.0,3148.0,3153.0,False,6,False,10330,2025-08-18 09:35:00,2025-08-18 09:40:00,True,M:5m:1:-1:10233:10238:6,M:10330,2,True,False,False,1,0,2,2,0,False,10331,2025-08-18 09:40:00,3145.0,0.0,5.347264175989646,0.9350575986971177,False,False,False,,,,,,,,,,
M,5m,True,internal,-1,10256,10260,2025-08-15 09:35:00,3146.0,3150.0,3146.0,3150.0,False,1,True,10299,2025-08-15 21:00:00,2025-08-15 21:05:00,True,M:5m:1:-1:10256:10260:1,M:10299,3,True,True,False,2,0,3,3,0,False,10300,2025-08-15 21:05:00,3144.0,0.0,4.615802904039836,0.8665881284703743,False,False,False,,,,,,,,,,
M,5m,True,internal,-1,10256,10260,2025-08-15 09:35:00,3146.0,3150.0,3146.0,3150.0,False,2,False,10327,2025-08-18 09:20:00,2025-08-18 09:25:00,True,M:5m:1:-1:10256:10260:2,M:10327,1,True,False,False,1,0,1,1,0,False,10328,2025-08-18 09:25:00,3145.0,0.0,5.196583021809553,0.7697365717457779,False,False,False,2025-08-18 09:15:00,10.0,-0.0038019014555924773,0.0001321252962783976,0.0034786445789164668,0.007280546034508944,0.7063778580024067,True,False,0.0
M,5m,True,internal,-1,10256,10260,2025-08-15 09:35:00,3146.0,3150.0,3146.0,3150.0,False,3,False,10330,2025-08-18 09:35:00,2025-08-18 09:40:00,True,M:5m:1:-1:10256:10260:3,M:10330,2,True,False,False,1,0,2,2,0,False,10331,2025-08-18 09:40:00,3145.0,0.0,5.347264175989646,0.7480460789576941,False,False,False,,,,,,,,,,
M,5m,True,internal,-1,10268,10283,2025-08-15 13:45:00,3127.0,3136.0,3127.0,3136.0,False,1,True,10291,2025-08-15 14:20:00,2025-08-15 14:25:00,True,M:5m:1:-1:10268:10283:1,M:10291,1,True,False,False,1,0,1,1,0,False,10292,2025-08-15 14:25:00,3127.0,0.0,4.255232525973491,2.115043054654463,False,False,False,,,,,,,,,,
M,5m,True,internal,1,10287,10294,2025-08-15 14:40:00,3121.0,3125.0,3121.0,3125.0,False,1,True,10309,2025-08-15 21:50:00,2025-08-15 21:55:00,True,M:5m:1:1:10287:10294:1,M:10309,1,True,False,False,1,1,0,1,0,False,10310,2025-08-15 21:55:00,3127.0,0.0,4.623095757349596,0.8652211007399045,False,False,False,2025-08-15 21:45:00,10.0,-0.002570248029511262,0.00015876384782230815,0.002596105170810598,0.00516635320032186,0.02045728038507822,False,False,0.0
M,5m,True,internal,1,10287,10294,2025-08-15 14:40:00,3121.0,3125.0,3121.0,3125.0,False,2,False,10542,2025-08-21 10:00:00,2025-08-21 10:05:00,True,M:5m:1:1:10287:10294:2,M:10542,1,True,False,False,1,1,0,1,0,False,10543,2025-08-21 10:05:00,3128.0,0.0,4.832919413447776,0.8276570862882284,False,False,False,,,,,,,,,,
M,5m,True,internal,1,10287,10294,2025-08-15 14:40:00,3121.0,3125.0,3121.0,3125.0,False,3,False,10547,2025-08-21 10:40:00,2025-08-21 10:45:00,True,M:5m:1:1:10287:10294:3,M:10547,1,True,False,False,1,1,0,1,0,False,10548,2025-08-21 10:45:00,3122.0,0.0,5.1744532556696345,0.7730285312012841,False,False,False,,,,,,,,,,
M,5m,True,internal,1,10309,10331,2025-08-18 09:45:00,3123.0,3131.0,3123.0,3131.0,False,1,True,10460,2025-08-19 22:55:00,2025-08-19 23:00:00,True,M:5m:1:1:10309:10331:1,M:10460,2,True,True,False,2,2,0,2,0,False,10461,2025-08-20 09:00:00,3138.0,600.0,4.824668198928395,1.6581451138498762,False,False,False,,,,,,,,,,
M,5m,True,internal,1,10309,10331,2025-08-18 09:45:00,3123.0,3131.0,3123.0,3131.0,False,2,False,10538,2025-08-21 09:40:00,2025-08-21 09:45:00,True,M:5m:1:1:10309:10331:2,M:10538,1,True,False,False,1,1,0,1,0,False,10539,2025-08-21 09:45:00,3132.0,0.0,4.50027772791603,1.7776680648784329,False,False,False,,,,,,,,,,
M,5m,True,internal,1,10309,10331,2025-08-18 09:45:00,3123.0,3131.0,3123.0,3131.0,False,3,False,10540,2025-08-21 09:50:00,2025-08-21 09:55:00,True,M:5m:1:1:10309:10331:3,M:10540,1,True,False,False,1,1,0,1,0,False,10541,2025-08-21 09:55:00,3133.0,0.0,4.640545591927598,1.7239352230298735,False,False,False,,,,,,,,,,
M,5m,True,internal,-1,10338,10343,2025-08-18 11:00:00,3157.0,3167.0,3157.0,3167.0,False,1,True,10353,2025-08-18 13:45:00,2025-08-18 13:50:00,True,M:5m:1:-1:10338:10343:1,M:10353,1,True,False,False,1,0,1,1,0,False,10354,2025-08-18 13:50:00,3155.0,0.0,5.014330045468484,1.9942843628805669,False,False,False,2025-08-18 13:45:00,5.0,-0.002310071649886294,2.1093497000268332e-05,0.003485948165923306,0.0057960198158096,0.19855595667870035,False,False,0.0
M,5m,True,internal,-1,10338,10343,2025-08-18 11:00:00,3157.0,3167.0,3157.0,3167.0,False,2,False,10360,2025-08-18 14:20:00,2025-08-18 14:25:00,True,M:5m:1:-1:10338:10343:2,M:10360,1,True,False,False,1,0,1,1,0,False,10361,2025-08-18 14:25:00,3156.0,0.0,4.7568986616903475,2.1022100135399007,False,False,False,,,,,,,,,,
M,5m,True,internal,1,10357,10368,2025-08-18 21:05:00,3150.0,3154.0,3150.0,3154.0,False,1,True,10437,2025-08-19 21:00:00,2025-08-19 21:05:00,True,M:5m:1:1:10357:10368:1,M:10437,2,True,True,False,2,2,0,2,0,False,10438,2025-08-19 21:05:00,3156.0,0.0,4.308852242205179,0.9283214589769466,False,False,False,,,,,,,,,,
M,5m,True,internal,1,10357,10368,2025-08-18 21:05:00,3150.0,3154.0,3150.0,3154.0,False,2,False,10439,2025-08-19 21:10:00,2025-08-19 21:15:00,True,M:5m:1:1:10357:10368:2,M:10439,1,True,False,False,1,1,0,1,0,False,10440,2025-08-19 21:15:00,3156.0,0.0,4.342836882309569,0.9210569285468433,False,False,False,2025-08-19 21:15:00,0.0,-0.00415631013526052,-0.0004346230280380025,0.0031071553779667064,0.0072634655132272265,0.7027677496991577,True,False,0.0
M,5m,True,internal,-1,10388,10394,2025-08-19 09:15:00,3170.0,3174.0,3170.0,3174.0,False,1,True,10403,2025-08-19 09:55:00,2025-08-19 10:00:00,True,M:5m:1:-1:10388:10394:1,M:10403,1,True,False,False,1,0,1,1,0,False,10404,2025-08-19 10:00:00,3170.0,0.0,4.456953236051315,0.8974740788493986,False,False,False,,,,,,,,,,
M,5m,True,internal,1,10400,10412,2025-08-19 11:00:00,3158.0,3162.0,3158.0,3162.0,False,1,True,10429,2025-08-19 14:20:00,2025-08-19 14:25:00,True,M:5m:1:1:10400:10412:1,M:10429,1,True,False,False,1,1,0,1,0,False,10430,2025-08-19 14:25:00,3163.0,0.0,3.5952715368770125,1.1125724326999094,False,False,False,,,,,,,,,,
M,5m,True,internal,1,10400,10412,2025-08-19 11:00:00,3158.0,3162.0,3158.0,3162.0,False,2,False,10435,2025-08-19 14:50:00,2025-08-19 14:55:00,True,M:5m:1:1:10400:10412:2,M:10435,1,True,False,False,1,1,0,1,0,False,10436,2025-08-19 14:55:00,3163.0,0.0,3.6126333696580772,1.1072255583960864,False,False,False,,,,,,,,,,
M,5m,True,internal,-1,10432,10437,2025-08-19 21:05:00,3164.0,3168.0,3164.0,3168.0,False,1,True,19587,2026-03-13 11:00:00,2026-03-13 11:05:00,True,M:5m:1:-1:10432:10437:1,M:19587,1,True,False,False,1,0,1,1,0,False,19588,2026-03-13 11:05:00,3166.0,0.0,11.790042773803316,0.3392693374181586,False,False,False,,,,,,,,,,
M,5m,True,internal,1,10460,10472,2025-08-20 10:00:00,3131.0,3136.0,3131.0,3136.0,False,1,True,10515,2025-08-20 21:45:00,2025-08-20 21:50:00,True,M:5m:1:1:10460:10472:1,M:10515,1,True,False,False,1,1,0,1,0,False,10516,2025-08-20 21:50:00,3145.0,0.0,5.240055547164186,0.9541883583096559,False,False,False,2025-08-20 21:45:00,5.0,-0.002699957576679402,0.00023410601195804427,0.00437340776501503,0.007073365341694431,0.6558363417569194,False,False,0.0
M,5m,True,internal,1,10460,10472,2025-08-20 10:00:00,3131.0,3136.0,3131.0,3136.0,False,2,False,10531,2025-08-21 09:05:00,2025-08-21 09:10:00,True,M:5m:1:1:10460:10472:2,M:10531,1,True,False,False,1,1,0,1,0,False,10532,2025-08-21 09:10:00,3141.0,0.0,4.7829183799321875,1.0453868543897022,False,False,False,,,,,,,,,,
M,5m,True,internal,1,10460,10472,2025-08-20 10:00:00,3131.0,3136.0,3131.0,3136.0,False,3,False,10533,2025-08-21 09:15:00,2025-08-21 09:20:00,True,M:5m:1:1:10460:10472:3,M:10533,1,True,False,False,1,1,0,1,0,False,10534,2025-08-21 09:20:00,3138.0,0.0,4.741393909227243,1.0545422075709598,False,False,False,2025-08-21 09:15:00,5.0,-0.0030818388570331644,-0.0005083314580724828,0.0026104038893567235,0.0056922427463898875,0.16726835138387486,False,False,0.0
M,5m,True,internal,-1,10477,10488,2025-08-20 13:35:00,3147.0,3152.0,3147.0,3152.0,False,1,True,10492,2025-08-20 13:50:00,2025-08-20 13:55:00,True,M:5m:1:-1:10477:10488:1,M:10492,1,True,False,False,1,0,1,1,0,False,10493,2025-08-20 13:55:00,3152.0,0.0,4.656782028098895,1.073702820924436,False,False,False,2025-08-20 13:45:00,10.0,-0.002450488227851825,-7.791621610953736e-05,0.002891278055827341,0.0053417662836791665,0.05415162454873646,False,False,0.0
M,5m,True,internal,1,10488,10494,2025-08-20 14:05:00,3138.0,3143.0,3138.0,3143.0,False,1,True,10514,2025-08-20 21:40:00,2025-08-20 21:45:00,True,M:5m:1:1:10488:10494:1,M:10514,1,True,False,False,1,1,0,1,0,False,10515,2025-08-20 21:45:00,3142.0,0.0,4.796982896946046,1.0423218317462009,False,False,False,2025-08-20 21:45:00,0.0,-0.002699957576679402,0.00023410601195804427,0.00437340776501503,0.007073365341694431,0.6558363417569194,False,False,0.0
M,5m,True,internal,1,10499,10504,2025-08-20 14:55:00,3148.0,3151.0,3148.0,3151.0,False,1,True,10513,2025-08-20 21:35:00,2025-08-20 21:40:00,True,M:5m:1:1:10499:10504:1,M:10513,1,True,False,False,1,1,0,1,0,False,10514,2025-08-20 21:40:00,3152.0,0.0,4.165981581326511,0.720118402214528,False,False,False,2025-08-20 21:30:00,10.0,-0.0028387779790180444,-2.7414482361948936e-05,0.0029844470677828816,0.0058232250468009256,0.20336943441636582,False,False,0.0
M,5m,True,internal,-1,10507,10514,2025-08-20 21:45:00,3157.0,3162.0,3157.0,3162.0,False,1,True,19575,2026-03-13 09:45:00,2026-03-13 09:50:00,True,M:5m:1:-1:10507:10514:1,M:19575,2,True,False,False,1,0,2,2,0,False,19576,2026-03-13 09:50:00,3156.0,0.0,13.166258034314604,0.37975862139179817,False,False,False,,,,,,,,,,
M,5m,True,internal,-1,10507,10514,2025-08-20 21:45:00,3157.0,3162.0,3157.0,3162.0,False,2,False,19584,2026-03-13 10:45:00,2026-03-13 10:50:00,True,M:5m:1:-1:10507:10514:2,M:19584,2,True,False,False,1,0,2,2,0,False,19585,2026-03-13 10:50:00,3157.0,0.0,12.376821743885435,0.4039809333498859,False,False,False,,,,,,,,,,
M,5m,True,internal,-1,10524,10532,2025-08-21 09:15:00,3143.0,3149.0,3143.0,3149.0,False,1,True,19565,2026-03-12 22:55:00,2026-03-12 23:00:00,True,M:5m:1:-1:10524:10532:1,M:19565,2,True,True,False,2,0,2,2,0,False,19566,2026-03-13 09:00:00,3130.0,600.0,11.865332727238323,0.5056748207512348,False,False,False,,,,,,,,,,
M,5m,True,internal,-1,10524,10532,2025-08-21 09:15:00,3143.0,3149.0,3143.0,3149.0,False,2,False,19567,2026-03-13 09:05:00,2026-03-13 09:10:00,True,M:5m:1:-1:10524:10532:2,M:19567,2,True,True,False,2,0,2,2,0,False,19568,2026-03-13 09:10:00,3144.0,0.0,13.256332810731003,0.4526138627979375,False,False,False,,,,,,,,,,
M,5m,True,internal,-1,10524,10532,2025-08-21 09:15:00,3143.0,3149.0,3143.0,3149.0,False,3,False,19573,2026-03-13 09:35:00,2026-03-13 09:40:00,True,M:5m:1:-1:10524:10532:3,M:19573,2,True,True,False,2,0,2,2,0,False,19574,2026-03-13 09:40:00,3148.0,0.0,13.352583282400365,0.4493512508480975,False,False,False,,,,,,,,,,
M,5m,False,swing,-1,10507,10542,2025-08-21 10:05:00,3157.0,3162.0,3157.0,3162.0,False,1,True,19575,2026-03-13 09:45:00,2026-03-13 09:50:00,True,M:5m:0:-1:10507:10542:1,M:19575,2,True,False,False,1,0,2,2,0,False,19576,2026-03-13 09:50:00,3156.0,0.0,13.166258034314604,0.37975862139179817,False,False,False,,,,,,,,,,
M,5m,False,swing,-1,10507,10542,2025-08-21 10:05:00,3157.0,3162.0,3157.0,3162.0,False,2,False,19584,2026-03-13 10:45:00,2026-03-13 10:50:00,True,M:5m:0:-1:10507:10542:2,M:19584,2,True,False,False,1,0,2,2,0,False,19585,2026-03-13 10:50:00,3157.0,0.0,12.376821743885435,0.4039809333498859,False,False,False,,,,,,,,,,
M,5m,True,internal,1,10560,10565,2025-08-21 14:15:00,3108.0,3111.0,3108.0,3111.0,False,1,True,10574,2025-08-21 14:55:00,2025-08-21 15:00:00,True,M:5m:1:1:10560:10565:1,M:10574,1,True,False,False,1,1,0,1,0,False,10575,2025-08-21 21:00:00,3116.0,360.0,4.670159382390999,0.6423763632803638,False,False,False,,,,,,,,,,
M,5m,True,internal,-1,10566,10576,2025-08-21 21:10:00,3116.0,3122.0,3116.0,3122.0,False,1,True,10673,2025-08-25 09:25:00,2025-08-25 09:30:00,True,M:5m:1:-1:10566:10576:1,M:10673,2,True,True,False,2,0,2,2,0,False,10674,2025-08-25 09:30:00,3114.0,0.0,4.768543649922676,1.2582457958830455,False,False,False,,,,,,,,,,
M,5m,True,internal,-1,10599,10600,2025-08-22 09:10:00,3100.0,3109.0,3100.0,3109.0,False,1,True,10646,2025-08-22 21:10:00,2025-08-22 21:15:00,True,M:5m:1:-1:10599:10600:1,M:10646,1,True,False,False,1,0,1,1,0,False,10647,2025-08-22 21:15:00,3100.0,0.0,4.432593122080303,2.0304141959630444,False,False,False,2025-08-22 21:15:00,0.0,-0.004174114545567745,0.00017679650377231646,0.003915719075444086,0.00808983362101183,0.8664259927797834,True,False,0.0
M,5m,True,internal,-1,10628,10640,2025-08-22 14:45:00,3093.0,3096.0,3093.0,3096.0,False,1,True,10644,2025-08-22 21:00:00,2025-08-22 21:05:00,True,M:5m:1:-1:10628:10640:1,M:10644,1,True,False,False,1,0,1,1,0,False,10645,2025-08-22 21:05:00,3097.0,0.0,4.4188653960221265,0.678907305640178,True,False,True,,,,,,,,,,
M,5m,True,internal,1,10642,10645,2025-08-22 21:10:00,3081.0,3085.0,3081.0,3085.0,False,1,True,10766,2025-08-26 13:40:00,2025-08-26 13:45:00,True,M:5m:1:1:10642:10645:1,M:10766,1,True,False,False,1,1,0,1,0,False,10767,2025-08-26 13:45:00,3086.0,0.0,3.7966225515955583,1.053567992509282,False,False,False,2025-08-26 13:45:00,0.0,-0.0026412897823865386,-0.00013071679393692856,0.003147930048589133,0.005789219830975672,0.19614921780986763,False,False,0.0
M,5m,True,internal,1,10669,10674,2025-08-25 09:35:00,3104.0,3110.0,3104.0,3110.0,False,1,True,10737,2025-08-26 09:00:00,2025-08-26 09:05:00,True,M:5m:1:1:10669:10674:1,M:10737,1,True,False,False,1,1,0,1,0,False,10738,2025-08-26 09:05:00,3096.0,0.0,4.572482138719905,1.3121975806514004,True,True,False,,,,,,,,,,
M,5m,True,internal,1,10709,10713,2025-08-25 21:05:00,3114.0,3117.0,3114.0,3117.0,False,1,True,10720,2025-08-25 21:35:00,2025-08-25 21:40:00,True,M:5m:1:1:10709:10713:1,M:10720,1,True,False,False,1,1,0,1,0,False,10721,2025-08-25 21:40:00,3116.0,0.0,4.087612703145488,0.73392471789009,False,False,False,2025-08-25 21:30:00,10.0,-0.002594967805705419,0.00047086477697626516,0.003743530362309171,0.00633849816801459,0.4043321299638989,False,False,0.0
M,5m,True,internal,-1,10713,10736,2025-08-25 23:00:00,3121.0,3128.0,3121.0,3128.0,False,1,True,19473,2026-03-11 21:00:00,2026-03-11 21:05:00,True,M:5m:1:-1:10713:10736:1,M:19473,10,True,True,True,3,0,10,10,0,False,19474,2026-03-11 21:05:00,3089.0,0.0,12.705680953025952,0.5509346587467158,False,False,False,,,,,,,,,,
M,5m,True,internal,-1,10713,10736,2025-08-25 23:00:00,3121.0,3128.0,3121.0,3128.0,False,2,False,19557,2026-03-12 22:15:00,2026-03-12 22:20:00,True,M:5m:1:-1:10713:10736:2,M:19557,5,True,True,True,3,0,5,5,0,False,19558,2026-03-12 22:20:00,3125.0,0.0,10.558672500525995,0.6629621289656711,True,False,True,,,,,,,,,,
M,5m,True,internal,-1,10760,10767,2025-08-26 13:50:00,3090.0,3094.0,3090.0,3094.0,False,1,True,10774,2025-08-26 14:20:00,2025-08-26 14:25:00,True,M:5m:1:-1:10760:10767:1,M:10774,1,True,False,False,1,0,1,1,0,False,10775,2025-08-26 14:25:00,3090.0,0.0,4.075262937427492,0.9815317591568702,False,False,False,,,,,,,,,,
M,5m,True,internal,-1,10760,10767,2025-08-26 13:50:00,3090.0,3094.0,3090.0,3094.0,False,2,False,11366,2025-09-08 09:40:00,2025-09-08 09:45:00,True,M:5m:1:-1:10760:10767:2,M:11366,2,True,False,False,1,0,2,2,0,False,11367,2025-09-08 09:45:00,3089.0,0.0,4.445052963291095,0.899876791802818,False,False,False,,,,,,,,,,
M,5m,True,internal,-1,10774,10782,2025-08-26 21:05:00,3085.0,3091.0,3085.0,3091.0,False,1,True,11344,2025-09-05 21:50:00,2025-09-05 21:55:00,True,M:5m:1:-1:10774:10782:1,M:11344,1,True,False,False,1,0,1,1,0,False,11345,2025-09-05 21:55:00,3083.0,0.0,4.027997511467605,1.4895739093477973,False,False,False,2025-09-05 21:45:00,10.0,-0.002775258731056879,-1.9412877891710668e-05,0.0025973255116077273,0.005372584242664607,0.03324348607367475,False,False,1.0
M,5m,True,internal,-1,10774,10782,2025-08-26 21:05:00,3085.0,3091.0,3085.0,3091.0,False,2,False,11366,2025-09-08 09:40:00,2025-09-08 09:45:00,True,M:5m:1:-1:10774:10782:2,M:11366,2,True,False,False,1,0,2,2,0,False,11367,2025-09-08 09:45:00,3089.0,0.0,4.445052963291095,1.349815187704227,False,False,False,,,,,,,,,,
M,5m,False,swing,-1,10713,10782,2025-08-26 21:05:00,3121.0,3128.0,3121.0,3128.0,False,1,True,19473,2026-03-11 21:00:00,2026-03-11 21:05:00,True,M:5m:0:-1:10713:10782:1,M:19473,10,True,True,True,3,0,10,10,0,False,19474,2026-03-11 21:05:00,3089.0,0.0,12.705680953025952,0.5509346587467158,False,False,False,,,,,,,,,,
M,5m,False,swing,-1,10713,10782,2025-08-26 21:05:00,3121.0,3128.0,3121.0,3128.0,False,2,False,19557,2026-03-12 22:15:00,2026-03-12 22:20:00,True,M:5m:0:-1:10713:10782:2,M:19557,5,True,True,True,3,0,5,5,0,False,19558,2026-03-12 22:20:00,3125.0,0.0,10.558672500525995,0.6629621289656711,True,False,True,,,,,,,,,,
M,5m,True,internal,-1,10795,10801,2025-08-26 22:40:00,3064.0,3068.0,3064.0,3068.0,False,1,True,10861,2025-08-27 21:50:00,2025-08-27 21:55:00,True,M:5m:1:-1:10795:10801:1,M:10861,1,True,False,False,1,0,1,1,0,False,10862,2025-08-27 21:55:00,3063.0,0.0,4.515386792089482,0.8858598796026976,False,False,False,2025-08-27 21:45:00,10.0,-0.00325577377268066,0.00029440652447654497,0.0026268226117053504,0.00588259638438601,0.23345367027677497,False,False,0.0
M,5m,True,internal,-1,10795,10801,2025-08-26 22:40:00,3064.0,3068.0,3064.0,3068.0,False,2,False,10874,2025-08-27 22:55:00,2025-08-27 23:00:00,True,M:5m:1:-1:10795:10801:2,M:10874,1,True,False,False,1,0,1,1,0,False,10875,2025-08-28 09:00:00,3060.0,600.0,3.6728792614432706,1.0890638420899756,False,False,False,,,,,,,,,,
M,5m,True,internal,-1,10795,10801,2025-08-26 22:40:00,3064.0,3068.0,3064.0,3068.0,False,3,False,10974,2025-08-29 13:45:00,2025-08-29 13:50:00,True,M:5m:1:-1:10795:10801:3,M:10974,1,True,False,False,1,0,1,1,0,False,10975,2025-08-29 13:50:00,3061.0,0.0,4.298774375653846,0.9304977769138205,False,False,False,2025-08-29 13:45:00,5.0,-0.0028879352146811647,-6.454616537240197e-05,0.0032519724678036865,0.006139907682484852,0.3345367027677497,False,False,0.0
M,5m,True,internal,-1,10795,10801,2025-08-26 22:40:00,3064.0,3068.0,3064.0,3068.0,False,4,False,11013,2025-09-01 09:00:00,2025-09-01 09:05:00,True,M:5m:1:-1:10795:10801:4,M:11013,1,True,False,False,1,0,1,1,0,False,11014,2025-09-01 09:05:00,3066.0,0.0,4.673594800489765,0.8558722291416501,True,False,True,,,,,,,,,,
M,5m,True,internal,-1,10829,10844,2025-08-27 14:30:00,3050.0,3058.0,3050.0,3058.0,False,1,True,10845,2025-08-27 14:30:00,2025-08-27 14:35:00,True,M:5m:1:-1:10829:10844:1,M:10845,2,True,True,False,2,0,2,2,0,False,10846,2025-08-27 14:35:00,3049.0,0.0,3.722729926054104,2.1489606173176186,False,False,False,,,,,,,,,,
M,5m,True,internal,-1,10829,10844,2025-08-27 14:30:00,3050.0,3058.0,3050.0,3058.0,False,2,False,10852,2025-08-27 21:05:00,2025-08-27 21:10:00,True,M:5m:1:-1:10829:10844:2,M:10852,2,True,True,False,2,0,2,2,0,False,10853,2025-08-27 21:10:00,3048.0,0.0,3.992498248150585,2.0037579236774317,False,False,False,,,,,,,,,,
M,5m,True,internal,-1,10829,10844,2025-08-27 14:30:00,3050.0,3058.0,3050.0,3058.0,False,3,False,10858,2025-08-27 21:35:00,2025-08-27 21:40:00,True,M:5m:1:-1:10829:10844:3,M:10858,1,True,False,False,1,0,1,1,0,False,10859,2025-08-27 21:40:00,3052.0,0.0,4.20356001706579,1.9031487518963124,False,False,False,2025-08-27 21:30:00,10.0,-0.0029383306531281074,0.00014176409626539936,0.002672033914360601,0.005610364567488708,0.13959085439229843,False,False,0.0
M,5m,True,internal,1,10854,10858,2025-08-27 21:40:00,3042.0,3046.0,3042.0,3046.0,False,1,True,10889,2025-08-28 10:10:00,2025-08-28 10:15:00,True,M:5m:1:1:10854:10858:1,M:10889,1,True,False,False,1,1,0,1,0,False,10890,2025-08-28 10:30:00,3043.0,15.0,4.117628749053625,0.9714328910588016,False,False,False,,,,,,,,,,
M,5m,True,internal,-1,10874,10878,2025-08-28 09:20:00,3060.0,3064.0,3060.0,3064.0,False,1,True,10972,2025-08-29 13:35:00,2025-08-29 13:40:00,True,M:5m:1:-1:10874:10878:1,M:10972,1,True,False,False,1,0,1,1,0,False,10973,2025-08-29 13:40:00,3057.0,0.0,4.097986849870733,0.976089027744483,False,False,False,,,,,,,,,,
M,5m,True,internal,-1,10874,10878,2025-08-28 09:20:00,3060.0,3064.0,3060.0,3064.0,False,2,False,10990,2025-08-29 21:05:00,2025-08-29 21:10:00,True,M:5m:1:-1:10874:10878:2,M:10990,1,True,False,False,1,0,1,1,0,False,10991,2025-08-29 21:10:00,3057.0,0.0,3.993162035071841,1.0017124185966162,False,False,False,,,,,,,,,,
M,5m,True,internal,-1,10874,10878,2025-08-28 09:20:00,3060.0,3064.0,3060.0,3064.0,False,3,False,10995,2025-08-29 21:30:00,2025-08-29 21:35:00,True,M:5m:1:-1:10874:10878:3,M:10995,1,True,False,False,1,0,1,1,0,False,10996,2025-08-29 21:35:00,3060.0,0.0,4.168568363419872,0.9595620489520822,False,False,False,2025-08-29 21:30:00,5.0,-0.0021194838225277956,4.315532548610738e-05,0.0028128736714194973,0.004932357493947293,0.0024067388688327317,False,False,0.0
M,5m,True,internal,-1,10874,10878,2025-08-28 09:20:00,3060.0,3064.0,3060.0,3064.0,False,4,False,11009,2025-08-29 22:40:00,2025-08-29 22:45:00,True,M:5m:1:-1:10874:10878:4,M:11009,1,True,False,False,1,0,1,1,0,False,11010,2025-08-29 22:45:00,3059.0,0.0,4.283457086783194,0.9338251601357664,False,False,False,,,,,,,,,,
M,5m,True,internal,-1,10923,10929,2025-08-28 21:50:00,3038.0,3043.0,3038.0,3043.0,False,1,True,10936,2025-08-28 22:20:00,2025-08-28 22:25:00,True,M:5m:1:-1:10923:10929:1,M:10936,1,True,False,False,1,0,1,1,0,False,10937,2025-08-28 22:25:00,3039.0,0.0,3.7845324095547146,1.3211671770537952,False,False,False,,,,,,,,,,
M,5m,True,internal,1,10940,10945,2025-08-29 09:10:00,3035.0,3039.0,3035.0,3039.0,False,1,True,10955,2025-08-29 09:55:00,2025-08-29 10:00:00,True,M:5m:1:1:10940:10945:1,M:10955,1,True,False,False,1,1,0,1,0,False,10956,2025-08-29 10:00:00,3043.0,0.0,4.173614003493588,0.9584019980409636,False,False,False,,,,,,,,,,
M,5m,True,internal,1,10940,10945,2025-08-29 09:10:00,3035.0,3039.0,3035.0,3039.0,False,2,False,11127,2025-09-02 21:00:00,2025-09-02 21:05:00,True,M:5m:1:1:10940:10945:2,M:11127,1,True,False,False,1,1,0,1,0,False,11128,2025-09-02 21:05:00,3045.0,0.0,3.8827979693618677,1.0301849417772808,False,False,False,,,,,,,,,,
M,5m,True,internal,1,10940,10945,2025-08-29 09:10:00,3035.0,3039.0,3035.0,3039.0,False,3,False,11708,2025-09-15 09:25:00,2025-09-15 09:30:00,True,M:5m:1:1:10940:10945:3,M:11708,1,True,False,False,1,1,0,1,0,False,11709,2025-09-15 09:30:00,3036.0,0.0,5.132351780111636,0.7793698038198377,False,False,False,,,,,,,,,,
M,5m,True,internal,1,10940,10945,2025-08-29 09:10:00,3035.0,3039.0,3035.0,3039.0,False,4,False,11712,2025-09-15 09:45:00,2025-09-15 09:50:00,True,M:5m:1:1:10940:10945:4,M:11712,1,True,False,False,1,1,0,1,0,False,11713,2025-09-15 09:50:00,3036.0,0.0,5.441667513321753,0.7350687983430805,True,False,True,,,,,,,,,,
M,5m,True,internal,1,10964,10971,2025-08-29 13:35:00,3044.0,3048.0,3044.0,3048.0,False,1,True,11062,2025-09-01 21:20:00,2025-09-01 21:25:00,True,M:5m:1:1:10964:10971:1,M:11062,1,True,False,False,1,1,0,1,0,False,11063,2025-09-01 21:25:00,3051.0,0.0,3.9442475640230152,1.014135125919966,False,False,False,2025-09-01 21:15:00,10.0,-0.002998007183628853,-0.00013689436909519644,0.002674076064657491,0.005672083248286344,0.16125150421179302,False,False,0.0
M,5m,True,internal,1,10964,10971,2025-08-29 13:35:00,3044.0,3048.0,3044.0,3048.0,False,2,False,11097,2025-09-02 10:30:00,2025-09-02 10:35:00,True,M:5m:1:1:10964:10971:2,M:11097,1,True,False,False,1,1,0,1,0,False,11098,2025-09-02 10:35:00,3053.0,0.0,4.179405977865613,0.9570738093365999,False,False,False,,,,,,,,,,
M,5m,True,internal,1,10964,10971,2025-08-29 13:35:00,3044.0,3048.0,3044.0,3048.0,False,3,False,11125,2025-09-02 14:50:00,2025-09-02 14:55:00,True,M:5m:1:1:10964:10971:3,M:11125,1,True,False,False,1,1,0,1,0,False,11126,2025-09-02 14:55:00,3048.0,0.0,3.2841917277806276,1.217955689421061,False,False,False,,,,,,,,,,
M,5m,True,internal,-1,10976,10987,2025-08-29 14:55:00,3057.0,3063.0,3057.0,3063.0,False,1,True,11008,2025-08-29 22:35:00,2025-08-29 22:40:00,True,M:5m:1:-1:10976:10987:1,M:11008,1,True,False,False,1,0,1,1,0,False,11009,2025-08-29 22:40:00,3056.0,0.0,4.228338401151133,1.4189971167791458,False,False,False,,,,,,,,,,
M,5m,True,internal,1,11004,11013,2025-09-01 09:05:00,3049.0,3053.0,3049.0,3053.0,False,1,True,11055,2025-09-01 14:45:00,2025-09-01 14:50:00,True,M:5m:1:1:11004:11013:1,M:11055,2,True,True,False,2,2,0,2,0,False,11056,2025-09-01 14:50:00,3056.0,0.0,3.4846109170537103,1.147904341464343,False,False,False,,,,,,,,,,
M,5m,True,internal,1,11004,11013,2025-09-01 09:05:00,3049.0,3053.0,3049.0,3053.0,False,2,False,11058,2025-09-01 21:00:00,2025-09-01 21:05:00,True,M:5m:1:1:11004:11013:2,M:11058,2,True,True,False,2,2,0,2,0,False,11059,2025-09-01 21:05:00,3056.0,0.0,3.7451494842445348,1.0680481558420019,False,False,False,,,,,,,,,,
M,5m,True,internal,1,11004,11013,2025-09-01 09:05:00,3049.0,3053.0,3049.0,3053.0,False,3,False,11060,2025-09-01 21:10:00,2025-09-01 21:15:00,True,M:5m:1:1:11004:11013:3,M:11060,3,True,True,False,2,3,0,3,0,False,11061,2025-09-01 21:15:00,3053.0,0.0,3.8465829736598285,1.0398839768674488,False,False,False,2025-09-01 21:15:00,0.0,-0.002998007183628853,-0.00013689436909519644,0.002674076064657491,0.005672083248286344,0.16125150421179302,False,False,0.0
M,5m,True,internal,-1,11037,11049,2025-09-01 14:20:00,3067.0,3070.0,3067.0,3070.0,False,1,True,11067,2025-09-01 21:45:00,2025-09-01 21:50:00,True,M:5m:1:-1:11037:11049:1,M:11067,2,True,True,False,2,0,2,2,0,False,11068,2025-09-01 21:50:00,3064.0,0.0,4.1659567270869236,0.7201226984654189,False,False,False,2025-09-01 21:45:00,5.0,-0.00414401345349885,-0.00022481871525442863,0.0030717942532500066,0.007215807706748857,0.6871239470517448,False,False,0.0
M,5m,True,internal,-1,11037,11049,2025-09-01 14:20:00,3067.0,3070.0,3067.0,3070.0,False,2,False,11072,2025-09-01 22:10:00,2025-09-01 22:15:00,True,M:5m:1:-1:11037:11049:2,M:11072,2,True,True,False,2,0,2,2,0,False,11073,2025-09-01 22:15:00,3068.0,0.0,3.7626836494285962,0.7973032759359353,False,False,False,,,,,,,,,,
M,5m,True,internal,-1,11037,11049,2025-09-01 14:20:00,3067.0,3070.0,3067.0,3070.0,False,3,False,11076,2025-09-01 22:30:00,2025-09-01 22:35:00,True,M:5m:1:-1:11037:11049:3,M:11076,1,True,False,False,1,0,1,1,0,False,11077,2025-09-01 22:35:00,3065.0,0.0,3.567029563497766,0.8410359226342529,False,False,False,,,,,,,,,,
M,5m,True,internal,-1,11037,11049,2025-09-01 14:20:00,3067.0,3070.0,3067.0,3070.0,False,4,False,11081,2025-09-01 22:55:00,2025-09-01 23:00:00,True,M:5m:1:-1:11037:11049:4,M:11081,1,True,False,False,1,0,1,1,0,False,11082,2025-09-02 09:00:00,3068.0,600.0,3.09605578724597,0.9689747879732444,False,False,False,,,,,,,,,,
M,5m,True,internal,-1,11037,11049,2025-09-01 14:20:00,3067.0,3070.0,3067.0,3070.0,False,5,False,11169,2025-09-03 10:45:00,2025-09-03 10:50:00,True,M:5m:1:-1:11037:11049:5,M:11169,2,True,True,False,2,0,2,2,0,False,11170,2025-09-03 10:50:00,3068.0,0.0,4.288685859911514,0.6995149791787029,True,False,True,,,,,,,,,,
M,5m,True,internal,-1,11118,11127,2025-09-02 21:05:00,3051.0,3055.0,3051.0,3055.0,False,1,True,11129,2025-09-02 21:10:00,2025-09-02 21:15:00,True,M:5m:1:-1:11118:11127:1,M:11129,1,True,False,False,1,0,1,1,0,False,11130,2025-09-02 21:15:00,3049.0,0.0,4.113228861337529,0.9724720249821671,False,False,False,2025-09-02 21:15:00,0.0,-0.0028453533734023413,-8.34139131983981e-05,0.002728553170578704,0.005573906543981045,0.13237063778580024,False,False,0.0
